     0     0    3.897054e+04    1.685397e+00    0.000000e+00    0.000000e+00
     1     0   -2.980000e-05    2.262397e+00    0.000000e+00    0.000000e+00
     1     1   -1.539084e-03    3.255352e+00   -4.209417e-05    2.356075e+00
     2     0   -3.284332e+03    1.621857e+00    0.000000e+00    0.000000e+00
     2     1    2.172120e+02    5.426455e+00   -9.316796e+01    3.293919e+00
     2     2    1.881539e+03    2.295487e+00    2.473531e+01    2.487485e+00
     3     0    5.003112e+02    1.629421e+00    0.000000e+00    0.000000e+00
     3     1   -8.018937e+02    4.968707e+00    2.514436e+02    3.046282e+00
     3     2   -1.022144e+03    3.891814e+00    1.060338e+02    4.019269e+00
     3     3    1.713568e+02    2.170618e+00   -1.207268e+03    2.129047e+00
     4     0    2.174784e+02    1.905419e+00    0.000000e+00    0.000000e+00
     4     1    5.994360e+02    3.807772e+00   -6.166422e+01    2.953832e+00
     4     2    1.884453e+02    4.370312e+00   -2.419483e+02    4.011489e+00
     4     3   -3.972527e+02    3.377746e+00    3.599567e+02    3.573351e+00
     4     4   -5.738461e+01    1.984794e+00    1.486622e+02    1.958481e+00
     5     0    4.729038e+02    1.992683e+00    0.000000e+00    0.000000e+00
     5     1   -4.365759e+02    3.637653e+00   -1.566518e+02    3.041723e+00
     5     2   -2.670204e+01    4.115687e+00    7.083432e+01    3.596782e+00
     5     3    1.819620e+02    3.862087e+00   -1.597812e+01    4.294200e+00
     5     4   -1.299299e+02    3.241649e+00    9.719086e+00    3.042485e+00
     5     5   -8.774701e+01    1.834281e+00   -1.545609e+02    1.910290e+00
     6     0   -2.255882e+01    1.755798e+00    0.000000e+00    0.000000e+00
     6     1   -9.575302e+01    4.441618e+00    1.291561e+02    3.156567e+00
     6     2   -1.613055e+02    3.320733e+00    1.524156e+02    3.361448e+00
     6     3    5.944788e+01    4.016828e+00   -2.745250e+02    4.174579e+00
     6     4   -1.926122e+02    3.841017e+00    9.376559e+01    3.689255e+00
     6     5   -2.417167e+01    2.767439e+00   -7.975997e+01    2.928727e+00
     6     6   -3.347549e+02    1.809526e+00   -1.250040e+02    1.748239e+00
     7     0   -2.106186e+02    1.696194e+00    0.000000e+00    0.000000e+00
     7     1    3.573251e+02    4.646107e+00    1.923762e+00    3.074683e+00
     7     2    1.039801e+02    3.297186e+00   -5.527919e+01    3.658765e+00
     7     3    1.448952e+02    3.722062e+00    1.543055e+02    3.546107e+00
     7     4   -2.521821e+00    4.130660e+00    3.232454e+01    4.232029e+00
     7     5    1.264609e+02    3.555615e+00    3.188795e+02    3.545514e+00
     7     6    8.006341e+01    2.642998e+00    1.279373e+02    2.645667e+00
     7     7   -3.300032e+02    1.704269e+00    7.905767e+01    1.735894e+00
     8     0   -1.048672e+01    1.858353e+00    0.000000e+00    0.000000e+00
     8     1   -1.208005e+02    4.004078e+00    6.235714e+01    3.038131e+00
     8     2   -1.902751e+02    3.898406e+00   -1.415098e+02    3.715338e+00
     8     3    2.362894e+01    3.321571e+00   -5.068073e+01    3.362080e+00
     8     4    6.384409e+01    3.880499e+00   -6.158030e+01    3.904972e+00
     8     5   -7.521852e+00    4.068672e+00    1.807658e+01    3.971745e+00
     8     6    1.018754e+02    3.200558e+00    4.400810e+01    3.309692e+00
     8     7   -1.490837e+02    2.501555e+00   -7.200618e+01    2.449008e+00
     8     8   -9.162866e+01    1.664523e+00    2.444182e+02    1.670586e+00
     9     0    1.648726e+02    1.978965e+00    0.000000e+00    0.000000e+00
     9     1   -3.167188e+01    3.632462e+00   -1.363350e+01    3.082758e+00
     9     2   -4.437043e-01    4.184860e+00    4.695670e+01    3.576933e+00
     9     3   -4.585501e+01    3.309823e+00    3.509908e+01    3.772470e+00
     9     4   -1.124126e+02    3.685143e+00   -1.018274e+02    3.355463e+00
     9     5    4.189499e+01    4.005456e+00   -5.929239e+00    4.146200e+00
     9     6    8.291305e+01    3.827199e+00   -1.178733e+00    3.812400e+00
     9     7    8.178661e+01    3.111779e+00    5.835130e+01    3.023910e+00
     9     8   -1.866206e+01    2.326778e+00    2.766637e+01    2.415748e+00
     9     9    2.499842e+01    1.652136e+00    1.235243e+02    1.609541e+00
    10     0    1.682820e+01    1.779467e+00    0.000000e+00    0.000000e+00
    10     1   -1.578912e+02    4.227010e+00    3.436424e+01    3.123930e+00
    10     2    5.573166e+00    3.463411e+00    7.914567e+01    3.461610e+00
    10     3    6.985620e+01    3.765579e+00    3.908770e+01    3.981612e+00
    10     4   -8.753229e+01    3.452765e+00    4.684081e+01    3.241664e+00
    10     5   -2.886468e+01    3.652757e+00    5.703686e+01    3.882777e+00
    10     6   -3.965084e+01    4.112538e+00   -8.723352e+01    3.961785e+00
    10     7    1.168737e+01    3.431401e+00   -1.020122e+02    3.631481e+00
    10     8    1.390599e+02    2.833584e+00   -3.423218e+01    2.874340e+00
    10     9    2.235825e+00    2.285865e+00   -7.545957e+00    2.260412e+00
    10    10    1.805468e+02    1.572170e+00    1.064433e+02    1.609129e+00
    11     0   -7.492050e+00    1.662119e+00    0.000000e+00    0.000000e+00
    11     1    2.626425e+01    4.676114e+00   -7.978038e+01    3.088168e+00
    11     2    4.531997e+01    3.079383e+00   -4.304911e+01    3.611069e+00
    11     3    3.015912e+01    3.956333e+00   -3.875745e+01    3.642289e+00
    11     4   -8.992246e+00    3.509095e+00   -6.619526e+01    3.790028e+00
    11     5    1.684290e+01    3.591455e+00    4.609716e+01    3.301887e+00
    11     6    6.795738e-01    3.956711e+00   -2.150093e+01    4.063723e+00
    11     7   -6.672127e+01    3.862400e+00   -4.377933e+01    4.024939e+00
    11     8   -1.047765e+02    3.305309e+00    3.237269e+01    3.363025e+00
    11     9   -2.392944e+01    2.675995e+00   -4.847061e+01    2.782566e+00
    11    10   -1.223302e+01    2.227593e+00   -3.131202e+01    2.183146e+00
    11    11    7.009828e+01    1.574433e+00   -2.972312e+01    1.554291e+00
    12     0   -3.281240e+01    1.747526e+00    0.000000e+00    0.000000e+00
    12     1   -7.334503e+00    4.275249e+00   -2.314840e+01    3.073786e+00
    12     2    1.022651e+01    3.571300e+00    6.059408e+01    3.647986e+00
    12     3    1.535227e+01    3.526009e+00    1.243461e+01    3.398250e+00
    12     4   -4.654268e+01    3.769546e+00    9.564038e+00    4.022193e+00
    12     5    1.496128e+01    3.624454e+00    3.916228e+01    3.246766e+00
    12     6   -1.991651e+00    3.553653e+00    4.416530e+01    3.715030e+00
    12     7   -1.688522e+01    4.071601e+00   -6.103150e+00    4.033700e+00
    12     8   -2.232636e+01    3.540091e+00    1.018352e+01    3.866148e+00
    12     9    2.535028e+01    3.097594e+00    5.522908e+01    3.129124e+00
    12    10   -3.290315e+01    2.683148e+00    2.175776e+00    2.525884e+00
    12    11    1.925041e-01    2.160395e+00   -6.030126e+01    2.117940e+00
    12    12    3.885958e+01    1.546695e+00   -6.220991e+01    1.524747e+00
    13     0   -2.980097e+01    1.938045e+00    0.000000e+00    0.000000e+00
    13     1   -1.899789e+00    3.658442e+00   -4.984075e+01    3.096880e+00
    13     2   -1.441175e+01    4.204735e+00   -4.589197e+01    3.648348e+00
    13     3    4.909886e+00    3.153197e+00   -3.316959e+01    3.527269e+00
    13     4   -3.368453e+01    3.906610e+00   -9.207879e+00    3.713717e+00
    13     5    1.601803e+01    3.603275e+00    2.245616e+01    3.928348e+00
    13     6   -4.501784e+01    3.473777e+00   -2.007791e+01    3.333436e+00
    13     7    1.167779e+01    3.964757e+00    1.890622e+01    3.803545e+00
    13     8   -4.073922e+01    3.848884e+00    4.328862e+00    4.210120e+00
    13     9   -1.689231e+01    3.479885e+00    4.735720e+01    3.518783e+00
    13    10    3.759804e+01    3.011680e+00   -5.308625e+01    2.961050e+00
    13    11    1.789919e+00    2.643736e+00   -2.781457e+01    2.411065e+00
    13    12   -6.002578e+00    2.128012e+00    1.223325e+01    2.037687e+00
    13    13   -1.297302e+01    1.499661e+00   -9.058786e+01    1.523536e+00
    14     0   -2.399749e+01    1.879647e+00    0.000000e+00    0.000000e+00
    14     1    1.816949e+00    3.781540e+00    3.090210e+01    3.083842e+00
    14     2   -4.726636e+01    3.852422e+00    5.171391e+01    3.627756e+00
    14     3   -8.850521e+00    3.411581e+00    5.564814e+01    3.783080e+00
    14     4   -7.943735e+00    3.642763e+00   -1.988019e+01    3.241173e+00
    14     5    1.528383e+01    3.656343e+00    2.442565e+01    4.247420e+00
    14     6   -8.864639e+00    3.552774e+00   -1.974364e+01    3.441079e+00
    14     7   -1.214224e+01    3.461959e+00    3.720781e+01    3.590211e+00
    14     8   -3.610496e+01    4.074816e+00   -2.945214e+01    3.929861e+00
    14     9   -1.371474e+01    3.730253e+00    1.029241e+01    3.959644e+00
    14    10    4.364335e+00    3.296802e+00   -9.201034e+00    3.310874e+00
    14    11   -2.904452e+01    3.022586e+00    2.805655e+01    2.668789e+00
    14    12   -3.782652e+01    2.498265e+00    2.970143e+01    2.378170e+00
    14    13    4.860138e+01    2.024969e+00    8.282651e+00    2.001885e+00
    14    14   -1.925285e+01    1.485499e+00   -1.443654e+00    1.482114e+00
    15     0   -1.435670e+01    1.774638e+00    0.000000e+00    0.000000e+00
    15     1    3.152542e+01    4.320535e+00    4.056636e+01    3.075208e+00
    15     2   -9.719703e+00    3.394618e+00   -8.022054e+00    3.543224e+00
    15     3   -6.664770e-01    3.786528e+00    3.939219e-01    3.871572e+00
    15     4   -2.140714e+01    3.370055e+00    6.873150e+00    3.377826e+00
    15     5    2.929874e+01    3.823735e+00   -1.240678e+01    3.745466e+00
    15     6    1.099536e+01    3.741876e+00   -6.364040e+01    3.932042e+00
    15     7    3.914084e+01    3.296869e+00    4.872275e+00    3.475268e+00
    15     8    4.854289e+01    3.839605e+00   -6.836130e-01    3.649479e+00
    15     9    5.712510e+01    3.966100e+00    1.577809e+01    4.081988e+00
    15    10    2.894638e+00    3.697094e+00    5.791770e+00    3.687339e+00
    15    11   -6.996095e-01    3.234678e+00   -2.634270e+01    3.066531e+00
    15    12   -1.451102e+01    2.864556e+00    1.350339e+01    2.659054e+00
    15    13   -3.274043e+01    2.386645e+00    3.306912e+01    2.361706e+00
    15    14   -2.746091e+01    1.940155e+00   -7.505051e+00    1.994048e+00
    15    15   -1.889196e+01    1.459879e+00   -1.901426e+01    1.472136e+00
    16     0    2.981640e+01    1.659188e+00    0.000000e+00    0.000000e+00
    16     1    1.858094e+01    4.459961e+00    2.158264e+01    3.135514e+00
    16     2    1.088909e+01    3.291846e+00    1.739227e+01    3.444168e+00
    16     3   -7.534949e+00    3.815091e+00    4.003597e+00    3.704987e+00
    16     4    3.275615e+01    3.366095e+00    1.571130e+01    3.717268e+00
    16     5   -1.931712e+00    3.677712e+00    2.301860e+01    3.329277e+00
    16     6    2.123799e+01    3.859486e+00   -4.824258e+01    4.046563e+00
    16     7   -2.099549e+01    3.570423e+00   -8.149361e+00    3.622358e+00
    16     8    5.224989e+00    3.376218e+00    4.231513e+00    3.455748e+00
    16     9    4.533109e+00    3.954977e+00   -6.490966e+01    3.825944e+00
    16    10   -4.340586e+00    3.873252e+00    3.007218e+01    3.966955e+00
    16    11   -5.163177e+00    3.575296e+00   -6.567614e+00    3.373349e+00
    16    12   -2.444079e+01    3.121608e+00    5.143489e+01    2.869353e+00
    16    13    2.879251e+01    2.638922e+00    3.616277e+01    2.685232e+00
    16    14   -4.192207e+01    2.257943e+00   -3.133231e+01    2.338170e+00
    16    15    2.055114e+01    1.903124e+00   -1.040720e+01    1.920971e+00
    16    16   -1.985065e+01    1.448710e+00   -2.953066e+01    1.455157e+00
    17     0    2.473747e+00    1.790541e+00    0.000000e+00    0.000000e+00
    17     1    6.949906e+00    4.123128e+00    4.526926e+00    3.085987e+00
    17     2    1.172792e+01    3.650913e+00   -2.464233e+01    3.666932e+00
    17     3    1.748871e+01    3.524225e+00   -9.498641e+00    3.467472e+00
    17     4    1.295752e+00    3.748306e+00   -2.700798e+01    3.927811e+00
    17     5   -2.764574e+01    3.407711e+00    2.877888e+01    3.382856e+00
    17     6    3.684662e+01    3.725038e+00   -1.552475e+01    3.853926e+00
    17     7   -2.952117e+01    3.905010e+00   -2.625838e+01    3.879701e+00
    17     8    5.571158e+00    3.333710e+00    2.433647e+01    3.559367e+00
    17     9   -2.131924e+01    3.725994e+00   -3.347158e+01    3.498516e+00
    17    10   -2.209181e+01    3.920852e+00    3.055678e+01    4.086461e+00
    17    11    1.824670e+01    3.915987e+00   -1.031648e+01    3.635094e+00
    17    12    2.943982e+01    3.378674e+00    1.758191e+01    3.206050e+00
    17    13    2.025357e+01    2.906940e+00   -3.859448e+00    2.885973e+00
    17    14    1.828090e+01    2.563419e+00   -2.287472e+01    2.612989e+00
    17    15   -2.788428e+01    2.195576e+00    3.990582e-01    2.282050e+00
    17    16    1.639191e+01    1.889708e+00    2.174226e-01    1.868508e+00
    17    17   -4.253646e+01    1.451791e+00   -1.112394e+01    1.427290e+00
    18     0    9.373916e+00    1.868691e+00    0.000000e+00    0.000000e+00
    18     1   -1.955353e+01    3.781656e+00   -1.237974e+01    3.020481e+00
    18     2   -1.644148e+01    3.808966e+00   -1.601245e+01    3.715800e+00
    18     3    2.705698e+01    3.353169e+00    1.231762e+01    3.514646e+00
    18     4    2.611734e+01    3.834074e+00   -1.519874e+00    3.590249e+00
    18     5    7.533780e+00    3.480032e+00   -2.895563e+01    3.806983e+00
    18     6    7.447050e+00    3.476355e+00    9.447179e+00    3.433998e+00
    18     7   -3.926497e+01    3.895420e+00   -2.532249e+01    3.995371e+00
    18     8   -3.639561e+01    3.566322e+00    2.230297e+01    3.749829e+00
    18     9    5.625009e+00    3.395970e+00    1.375671e+01    3.386626e+00
    18    10   -8.321481e+00    3.714894e+00   -2.992964e+01    3.758816e+00
    18    11    2.764719e+00    4.055481e+00    2.096052e+01    3.785452e+00
    18    12    1.588087e+01    3.587732e+00    1.541042e+01    3.484737e+00
    18    13    1.665931e+01    3.170252e+00   -1.891245e+00    3.089039e+00
    18    14    5.136409e+01    2.755328e+00    5.906883e+00    2.841867e+00
    18    15   -1.753542e+01    2.470318e+00    5.297981e-01    2.518204e+00
    18    16   -9.090843e-01    2.193218e+00    4.313761e+01    2.139279e+00
    18    17    6.138167e-01    1.855517e+00    2.555804e+01    1.827099e+00
    18    18   -3.214229e+01    1.410518e+00   -2.454071e+00    1.445140e+00
    19     0    2.102163e+01    1.840958e+00    0.000000e+00    0.000000e+00
    19     1   -1.485719e+01    3.935754e+00    1.200461e+01    3.118860e+00
    19     2   -3.059276e-01    3.769859e+00    1.429466e+01    3.486322e+00
    19     3    8.526418e+00    3.489468e+00   -4.816555e+01    3.746365e+00
    19     4    1.824664e+00    3.660992e+00    2.127579e+01    3.412668e+00
    19     5   -7.189466e+00    3.697711e+00   -3.106237e+01    3.912402e+00
    19     6   -1.488400e+01    3.510957e+00   -9.042871e+00    3.401674e+00
    19     7    1.298089e+01    3.721142e+00   -2.696678e+01    3.782177e+00
    19     8   -2.372241e+01    3.883082e+00    2.282009e+01    4.007788e+00
    19     9    2.434019e+01    3.319387e+00    1.265312e+01    3.528842e+00
    19    10    1.051986e+01    3.541360e+00   -1.323853e+01    3.513312e+00
    19    11   -7.172079e+00    3.880984e+00   -9.395125e-01    3.898513e+00
    19    12   -7.807594e+00    3.891257e+00   -9.032746e+00    3.743329e+00
    19    13    1.405572e+01    3.442356e+00    1.868450e+00    3.395937e+00
    19    14    8.229991e+00    2.975895e+00   -1.109339e+01    3.081405e+00
    19    15    1.633829e+01    2.738464e+00   -5.178593e+01    2.735750e+00
    19    16   -1.015477e+01    2.444447e+00   -2.734494e+00    2.450371e+00
    19    17    1.714503e+01    2.160924e+00    2.293551e+01    2.087417e+00
    19    18    8.326164e-01    1.820585e+00    2.725591e+01    1.815069e+00
    19    19   -6.806865e+00    1.407965e+00    2.067403e+01    1.426897e+00
    20     0    5.856288e+00    1.708517e+00    0.000000e+00    0.000000e+00
    20     1    2.890986e+00    4.184722e+00    1.391112e+00    3.106866e+00
    20     2    3.823386e+00    3.357927e+00    3.970886e+01    3.474665e+00
    20     3    6.220715e+00    3.650919e+00   -1.701116e+01    3.678468e+00
    20     4   -2.167082e+01    3.417645e+00   -4.400181e+00    3.460667e+00
    20     5    7.606287e+00    3.730363e+00   -4.909336e+00    3.561157e+00
    20     6   -2.414181e+00    3.611784e+00    1.065584e+01    3.704207e+00
    20     7    1.691386e+00    3.448915e+00    4.044721e+00    3.464347e+00
    20     8    2.497279e+00    3.888851e+00   -1.259622e-01    3.929715e+00
    20     9    7.076645e+00    3.531189e+00   -1.717270e+01    3.812104e+00
    20    10   -2.156736e-01    3.290521e+00    1.042357e+01    3.431561e+00
    20    11    1.275662e+01    3.624126e+00   -6.605777e+00    3.710093e+00
    20    12    2.265186e+01    3.831695e+00   -7.947764e+00    3.867791e+00
    20    13    1.101505e+01    3.704295e+00    2.194850e+01    3.644892e+00
    20    14   -1.818517e+01    3.182874e+00   -1.417269e+01    3.285034e+00
    20    15   -8.790958e+00    2.879924e+00   -2.601459e+01    2.911781e+00
    20    16   -1.325667e+01    2.620028e+00   -9.864167e+00    2.616827e+00
    20    17    1.391954e+01    2.380452e+00    1.013126e+01    2.324459e+00
    20    18    3.143641e+01    2.070823e+00   -1.403828e+01    2.074335e+00
    20    19    2.769865e+01    1.766520e+00    1.701804e+01    1.820445e+00
    20    20    1.651941e+01    1.443439e+00    2.624309e+01    1.371981e+00
    21     0    8.938618e+00    1.774230e+00    0.000000e+00    0.000000e+00
    21     1    4.172843e+00    4.056046e+00   -9.628894e+00    3.062705e+00
    21     2   -3.445487e+00    3.449690e+00    2.045345e+01    3.693919e+00
    21     3    5.283174e+00    3.580553e+00    1.125908e+01    3.484925e+00
    21     4   -2.036909e+00    3.525147e+00    1.157228e+01    3.713064e+00
    21     5    1.327909e+01    3.588885e+00    9.969329e+00    3.364961e+00
    21     6   -2.075222e+01    3.706519e+00   -1.152562e+00    3.822077e+00
    21     7   -1.365975e+01    3.538598e+00    7.063760e+00    3.516298e+00
    21     8    1.232258e+01    3.642692e+00   -5.461608e+00    3.632003e+00
    21     9   -8.477916e+00    3.884120e+00    5.091970e+00    3.930479e+00
    21    10   -2.883273e-01    3.346629e+00   -1.248144e+01    3.692106e+00
    21    11   -6.816275e+00    3.382679e+00   -1.535025e+01    3.533284e+00
    21    12    2.110792e+01    3.644796e+00    1.664770e+01    3.893348e+00
    21    13    2.550427e+01    3.807236e+00    1.550421e+01    3.929630e+00
    21    14    1.723573e+01    3.388842e+00   -4.354099e+00    3.624247e+00
    21    15   -3.922859e+00    3.035755e+00    7.139493e+00    3.184644e+00
    21    16    1.979568e+01    2.842116e+00    1.491014e+01    2.802324e+00
    21    17   -1.128250e+00    2.556989e+00   -2.321092e+01    2.574355e+00
    21    18   -6.500256e+00    2.314530e+00   -4.772012e+00    2.300714e+00
    21    19   -5.303225e+00    2.027440e+00   -4.644829e+00    2.052518e+00
    21    20   -6.649531e+00    1.771674e+00    1.676546e+01    1.773398e+00
    21    21    2.300057e+01    1.431179e+00    2.845522e+00    1.375410e+00
    22     0   -8.917610e+00    1.819396e+00    0.000000e+00    0.000000e+00
    22     1    1.399417e+01    3.812928e+00    3.919079e+00    3.045011e+00
    22     2   -4.110923e+00    3.647715e+00   -1.139276e+01    3.645263e+00
    22     3   -5.354261e+00    3.420098e+00   -1.443001e+01    3.495396e+00
    22     4   -1.492564e+01    3.652659e+00    3.393736e+00    3.588015e+00
    22     5   -5.716716e+00    3.436062e+00    1.155616e+01    3.609069e+00
    22     6   -1.264181e+01    3.708902e+00   -4.597769e+00    3.490341e+00
    22     7    5.673057e+00    3.645559e+00    8.577267e-01    3.682642e+00
    22     8    3.005683e+00    3.438861e+00   -9.236578e+00    3.491210e+00
    22     9   -1.005393e+00    3.865726e+00   -2.526429e+00    3.751581e+00
    22    10    1.543899e+01    3.620953e+00   -2.419038e+01    3.908501e+00
    22    11    1.070153e+00    3.354701e+00   -2.499831e+01    3.342461e+00
    22    12   -8.792670e+00    3.390957e+00    1.148535e+01    3.629889e+00
    22    13    1.551692e+00    3.680345e+00   -7.314632e+00    3.844608e+00
    22    14    1.781941e+01    3.475371e+00   -8.747096e+00    3.829374e+00
    22    15    6.146997e+00    3.175267e+00   -1.160863e+01    3.425308e+00
    22    16   -4.338133e+00    2.931611e+00   -7.484057e+00    2.944224e+00
    22    17   -1.550513e+00    2.705723e+00    2.862500e+00    2.738937e+00
    22    18   -1.906879e+01    2.481293e+00    1.652039e+00    2.491601e+00
    22    19   -9.966862e+00    2.251992e+00    1.960011e+01    2.269616e+00
    22    20    2.713271e+00    2.004278e+00   -2.306606e+01    1.998544e+00
    22    21    5.820995e+00    1.793499e+00    2.508467e-01    1.716491e+00
    22    22    2.085884e+01    1.401850e+00   -3.750679e+00    1.386305e+00
    23     0    6.192727e-01    1.769435e+00    0.000000e+00    0.000000e+00
    23     1    2.738488e+01    4.071620e+00   -1.765330e+00    3.154482e+00
    23     2    2.143520e+00    3.611696e+00   -7.486206e+00    3.440037e+00
    23     3    2.623577e-01    3.498102e+00   -2.068934e+01    3.774085e+00
    23     4    7.222438e+00    3.628285e+00    4.489524e+00    3.361760e+00
    23     5    1.315471e+01    3.539392e+00    1.775737e+00    3.798292e+00
    23     6    1.067193e+01    3.629997e+00    7.552255e+00    3.420423e+00
    23     7    4.837022e+00    3.737859e+00    8.061524e+00    3.741814e+00
    23     8   -1.101106e+01    3.524829e+00   -7.280603e+00    3.579373e+00
    23     9   -1.334911e+01    3.616148e+00   -8.605607e+00    3.588570e+00
    23    10    1.747025e+00    3.897960e+00   -2.867216e+00    3.892167e+00
    23    11    2.453292e+00    3.554368e+00   -1.133147e+00    3.547634e+00
    23    12   -5.606887e+00    3.390254e+00   -1.523108e+01    3.291129e+00
    23    13    4.887633e+00    3.490380e+00   -8.773671e-02    3.842394e+00
    23    14    5.149935e+00    3.503286e+00    2.411412e+00    3.893447e+00
    23    15    1.961097e+00    3.338006e+00    2.382818e+00    3.731568e+00
    23    16    4.739987e+00    3.065731e+00   -9.203544e-01    3.236509e+00
    23    17    5.878654e+00    2.849099e+00   -6.126465e+00    2.869837e+00
    23    18   -1.060780e+01    2.651083e+00   -2.769877e+00    2.694148e+00
    23    19    8.438914e+00    2.440919e+00   -4.007848e+00    2.456949e+00
    23    20    1.117527e+00    2.235760e+00   -1.681410e+00    2.225321e+00
    23    21   -1.877862e+01    1.995525e+00   -2.969725e+01    1.956403e+00
    23    22    6.579723e-02    1.754587e+00   -6.844186e+00    1.729761e+00
    23    23   -4.388952e+00    1.367759e+00    9.212663e+00    1.415318e+00
    24     0    4.344425e+00    1.702301e+00    0.000000e+00    0.000000e+00
    24     1   -2.363881e+00    4.091730e+00    7.636100e+00    3.159032e+00
    24     2   -1.043542e+01    3.375806e+00   -5.048998e-02    3.465599e+00
    24     3   -1.575859e+01    3.617393e+00   -1.199746e+01    3.654507e+00
    24     4    5.543313e+00    3.477886e+00    2.934729e+00    3.401038e+00
    24     5    4.905791e-01    3.602153e+00   -8.438896e+00    3.525405e+00
    24     6   -9.725323e+00    3.499382e+00   -5.340752e+00    3.653756e+00
    24     7    7.851380e+00    3.629767e+00    2.183010e+01    3.488296e+00
    24     8    9.880796e-02    3.645457e+00    2.010431e+01    3.713079e+00
    24     9    3.842571e+00    3.350691e+00    4.791688e+00    3.558492e+00
    24    10   -2.976585e+00    3.753903e+00    3.020367e+00    3.697998e+00
    24    11   -6.972621e+00    3.752137e+00   -4.742056e+00    3.750809e+00
    24    12   -5.212579e-01    3.491576e+00   -6.744936e+00    3.214250e+00
    24    13   -1.987770e+00    3.311820e+00    5.282756e-01    3.394836e+00
    24    14   -1.587569e+00    3.506348e+00    2.082538e+01    3.778038e+00
    24    15    9.190349e+00    3.436468e+00   -2.065236e+01    3.705229e+00
    24    16    6.878503e+00    3.185224e+00    7.301711e-01    3.410087e+00
    24    17   -6.155845e+00    3.029307e+00    1.857335e+01    3.032618e+00
    24    18   -6.300691e-01    2.749037e+00   -8.193208e-01    2.787225e+00
    24    19    5.123799e+00    2.629832e+00    1.793147e+01    2.594761e+00
    24    20   -3.869975e+00    2.397153e+00   -5.833539e+00    2.395909e+00
    24    21   -9.908956e+00    2.202986e+00   -9.362268e-01    2.160695e+00
    24    22    9.298891e+00    1.954300e+00    8.640871e+00    1.934073e+00
    24    23    3.977289e+00    1.712038e+00    2.384503e+00    1.746333e+00
    24    24    8.809831e+00    1.360237e+00   -1.342141e+01    1.407277e+00
    25     0    9.043900e+00    1.767050e+00    0.000000e+00    0.000000e+00
    25     1   -1.193303e+01    3.895259e+00    1.580985e+01    3.090237e+00
    25     2   -4.384231e+00    3.422413e+00    1.337883e+01    3.717545e+00
    25     3    3.211334e+00    3.576784e+00   -1.130977e+01    3.377045e+00
    25     4    2.473987e+00    3.524985e+00    1.187808e+00    3.670204e+00
    25     5    1.222979e+01    3.505834e+00   -1.225435e+01    3.340725e+00
    25     6   -2.907777e+00    3.632222e+00    2.248613e+00    3.698295e+00
    25     7    5.147413e+00    3.571292e+00    8.147146e+00    3.489423e+00
    25     8   -4.489973e+00    3.623281e+00   -1.372803e+00    3.666981e+00
    25     9    8.606797e+00    3.498385e+00    8.334954e+00    3.638478e+00
    25    10   -6.512306e+00    3.473636e+00   -3.687046e-01    3.562110e+00
    25    11   -9.906998e+00    3.812932e+00   -4.253287e+00    3.829293e+00
    25    12   -6.629812e+00    3.673177e+00    1.398417e+01    3.512321e+00
    25    13   -3.961733e+00    3.313682e+00    1.643690e+00    3.243765e+00
    25    14    6.004083e+00    3.340750e+00   -3.219970e+00    3.558929e+00
    25    15    1.087985e+01    3.535473e+00   -1.719269e+00    3.841170e+00
    25    16   -5.453941e+00    3.295254e+00   -1.148279e+01    3.559621e+00
    25    17   -1.419997e+01    3.192285e+00   -1.207661e+00    3.215858e+00
    25    18   -1.691813e+01    3.018983e+00   -1.301926e+01    2.895061e+00
    25    19   -1.623164e+01    2.745156e+00   -5.317524e+00    2.715844e+00
    25    20    5.716653e+00    2.585936e+00    1.514991e+01    2.582731e+00
    25    21    8.676351e+00    2.394060e+00    5.894950e-01    2.338548e+00
    25    22    3.564387e+00    2.178741e+00    2.592597e+00    2.130712e+00
    25    23   -8.761180e-01    1.938379e+00   -5.611891e+00    1.917692e+00
    25    24   -7.542315e+00    1.740966e+00    1.353302e+01    1.695509e+00
    25    25    1.398171e+01    1.423718e+00   -4.806806e+00    1.339103e+00
    26     0    2.921747e+00    1.780192e+00    0.000000e+00    0.000000e+00
    26     1   -1.188445e+00    3.809858e+00    4.208949e+00    3.086065e+00
    26     2   -4.333713e+00    3.493063e+00    1.074656e+01    3.670326e+00
    26     3    1.385740e+01    3.506805e+00   -1.439970e+00    3.469943e+00
    26     4   -2.001005e+01    3.528274e+00    6.444921e+00    3.578409e+00
    26     5   -1.299002e+01    3.527556e+00    6.137623e+00    3.478970e+00
    26     6    1.340750e+00    3.573819e+00    4.898185e+00    3.450970e+00
    26     7   -1.007435e+00    3.591111e+00    2.817900e+00    3.697770e+00
    26     8    8.848291e+00    3.533066e+00   -3.712513e+00    3.494739e+00
    26     9    1.569343e+00    3.691998e+00   -1.139967e+01    3.616408e+00
    26    10    7.158763e+00    3.455649e+00    4.634014e+00    3.551965e+00
    26    11    1.516489e-01    3.613323e+00    3.866737e+00    3.606243e+00
    26    12   -3.449933e+00    3.761539e+00    1.184821e+01    3.780016e+00
    26    13   -2.423239e+00    3.422681e+00   -6.842785e-01    3.333400e+00
    26    14    2.566723e+00    3.158083e+00   -2.635563e+00    3.346890e+00
    26    15   -1.002310e+01    3.424663e+00   -1.321396e+00    3.590703e+00
    26    16   -4.675296e+00    3.410644e+00   -2.666114e+00    3.667039e+00
    26    17    2.306844e+00    3.297340e+00   -8.279572e+00    3.229095e+00
    26    18    1.243183e+01    3.123121e+00   -3.828754e+00    3.011053e+00
    26    19    2.389560e-01    2.897336e+00    2.955254e-01    2.821665e+00
    26    20    7.916860e+00    2.694050e+00   -9.124606e+00    2.651480e+00
    26    21   -5.456462e+00    2.534825e+00   -2.259533e+00    2.522312e+00
    26    22   -1.013081e+01    2.350820e+00    1.299089e+01    2.288350e+00
    26    23    2.468048e+00    2.168686e+00    9.894092e-01    2.083009e+00
    26    24   -5.188323e+00    1.963402e+00    7.519705e+00    1.850305e+00
    26    25   -1.088300e+01    1.735994e+00    7.057820e+00    1.674016e+00
    26    26    1.172841e+01    1.387102e+00    2.095123e+01    1.364043e+00
    27     0    4.757869e+00    1.779028e+00    0.000000e+00    0.000000e+00
    27     1    7.852945e+00    3.934361e+00    4.001676e+00    3.159244e+00
    27     2   -1.005201e+00    3.528170e+00   -6.383150e-01    3.541087e+00
    27     3    4.819580e+00    3.502000e+00   -1.431222e+00    3.619018e+00
    27     4    4.892710e-01    3.596887e+00    5.407144e+00    3.390681e+00
    27     5   -1.835899e+00    3.480727e+00    1.195639e+01    3.660646e+00
    27     6    6.442213e+00    3.590413e+00   -7.814367e+00    3.374709e+00
    27     7    8.648615e-01    3.636954e+00   -8.228561e+00    3.633999e+00
    27     8    6.225730e+00    3.644387e+00    7.789789e+00    3.619774e+00
    27     9   -1.117732e+00    3.550799e+00   -5.367185e+00    3.595003e+00
    27    10    9.080512e+00    3.631750e+00   -1.456291e+00    3.656147e+00
    27    11    8.356991e+00    3.574838e+00   -2.698076e+00    3.454212e+00
    27    12    4.582405e+00    3.745036e+00    1.809711e+00    3.722092e+00
    27    13   -2.392632e+00    3.655579e+00   -2.092544e-01    3.644168e+00
    27    14   -3.682450e+00    3.230765e+00    1.034960e+00    3.297184e+00
    27    15   -1.279708e+01    3.266880e+00    8.286798e-01    3.447299e+00
    27    16   -3.837754e+00    3.414072e+00   -8.438437e-01    3.641894e+00
    27    17   -1.138617e+01    3.439022e+00   -1.027027e+01    3.504749e+00
    27    18   -6.719830e+00    3.251348e+00    8.903184e+00    3.097064e+00
    27    19    5.304779e+00    3.089360e+00   -4.556197e+00    2.951215e+00
    27    20   -5.707594e+00    2.848750e+00   -4.268699e+00    2.804766e+00
    27    21    1.239666e+01    2.572922e+00    5.919958e+00    2.699734e+00
    27    22   -2.095368e+00    2.504118e+00   -2.451583e+00    2.499874e+00
    27    23    9.704957e+00    2.327947e+00    5.556908e+00    2.267277e+00
    27    24    9.539091e+00    2.214533e+00    1.236184e+00    2.000573e+00
    27    25   -8.705804e+00    1.956949e+00   -6.380336e-01    1.830477e+00
    27    26    1.527522e+01    1.704972e+00   -4.405515e+00    1.684341e+00
    27    27   -5.748812e+00    1.359011e+00   -4.795088e+00    1.387192e+00
    28     0    1.150141e+00    1.763252e+00    0.000000e+00    0.000000e+00
    28     1   -7.325681e+00    3.892675e+00   -9.920452e-01    3.145175e+00
    28     2    7.136957e+00    3.456620e+00   -2.118520e-01    3.549860e+00
    28     3    8.116280e+00    3.509748e+00   -5.144971e+00    3.546221e+00
    28     4    4.428412e+00    3.548192e+00   -4.503379e+00    3.460207e+00
    28     5   -1.539981e+01    3.380817e+00   -1.982735e+00    3.590868e+00
    28     6    2.520907e+00    3.563015e+00    3.798886e+00    3.495890e+00
    28     7   -6.349772e+00    3.629840e+00   -7.209547e+00    3.409007e+00
    28     8   -1.045153e+00    3.699386e+00    4.553243e+00    3.691804e+00
    28     9   -2.189945e+00    3.480712e+00    3.893120e+00    3.611190e+00
    28    10   -3.975300e+00    3.639142e+00    2.993564e-01    3.533022e+00
    28    11   -1.268348e+01    3.639831e+00   -2.662209e+00    3.515687e+00
    28    12    1.163747e+01    3.592421e+00   -3.804725e+00    3.480945e+00
    28    13    2.581896e+00    3.641186e+00    7.693321e+00    3.740032e+00
    28    14   -2.006123e+00    3.483585e+00    7.138377e-01    3.429670e+00
    28    15    6.563555e+00    3.151474e+00   -3.320095e-01    3.276842e+00
    28    16   -1.820852e+00    3.344308e+00    1.683507e+01    3.483766e+00
    28    17   -2.665341e-01    3.458361e+00   -9.883868e+00    3.535651e+00
    28    18   -3.975215e+00    3.346194e+00   -3.923414e+00    3.237526e+00
    28    19   -5.954413e+00    3.147584e+00   -6.910910e-01    3.047559e+00
    28    20    5.154039e+00    3.007206e+00   -2.712424e+00    2.952056e+00
    28    21   -2.530717e+00    2.743452e+00    9.266844e+00    2.796487e+00
    28    22    9.579091e+00    2.555081e+00    7.169263e+00    2.629843e+00
    28    23    5.618367e+00    2.463068e+00    3.523153e+00    2.464543e+00
    28    24   -4.082022e-01    2.370258e+00    3.311202e+00    2.157516e+00
    28    25    1.182300e+01    2.189135e+00   -2.785626e+00    1.964154e+00
    28    26   -2.315584e+00    1.896756e+00    8.747174e+00    1.846011e+00
    28    27   -1.336586e+01    1.713238e+00   -3.450984e-01    1.655359e+00
    28    28   -3.525323e+00    1.381916e+00    1.347577e+01    1.356241e+00
    29     0    4.665569e+00    1.788527e+00    0.000000e+00    0.000000e+00
    29     1   -7.208199e+00    3.881284e+00   -8.665909e-01    3.096340e+00
    29     2   -9.704837e-01    3.460601e+00   -3.938609e+00    3.664880e+00
    29     3   -1.431651e+00    3.507379e+00   -7.271419e+00    3.447897e+00
    29     4    5.391101e+00    3.559096e+00    6.425001e+00    3.585444e+00
    29     5   -6.244173e+00    3.479475e+00   -1.004890e+01    3.476349e+00
    29     6    3.451217e+00    3.473381e+00   -8.717084e+00    3.632467e+00
    29     7   -8.621981e-01    3.553191e+00   -2.212993e+00    3.545855e+00
    29     8    5.135683e+00    3.775010e+00   -1.215325e+00    3.528741e+00
    29     9   -2.566633e+00    3.630829e+00   -6.350873e+00    3.711432e+00
    29    10    2.658520e+00    3.497631e+00    1.647669e+00    3.581339e+00
    29    11    4.161968e+00    3.757355e+00    6.357461e+00    3.549796e+00
    29    12   -6.903353e+00    3.673004e+00   -7.199419e-01    3.439304e+00
    29    13   -1.293630e+00    3.568583e+00    7.767016e+00    3.640068e+00
    29    14    3.007797e+00    3.646861e+00   -9.458484e+00    3.719618e+00
    29    15    6.552461e+00    3.299378e+00   -8.102369e+00    3.376927e+00
    29    16    1.130738e+00    3.221676e+00    1.775956e+00    3.312023e+00
    29    17    1.332984e+00    3.454017e+00    1.126033e+00    3.569524e+00
    29    18    1.457030e+01    3.445395e+00   -3.971201e-01    3.402674e+00
    29    19   -5.512689e+00    3.286026e+00    8.416154e+00    3.192883e+00
    29    20   -2.864478e+00    3.086870e+00    6.817363e+00    3.045020e+00
    29    21    2.365164e+00    2.903924e+00   -6.745205e+00    2.954853e+00
    29    22   -6.558884e+00    2.660578e+00    6.259169e+00    2.785525e+00
    29    23   -6.249682e+00    2.606787e+00   -9.285947e+00    2.535077e+00
    29    24   -3.165949e+00    2.501524e+00    5.210063e+00    2.384144e+00
    29    25    8.785276e+00    2.347635e+00    4.822977e+00    2.130972e+00
    29    26    3.513897e-01    2.065261e+00   -5.475226e+00    2.056065e+00
    29    27    3.789629e+00    1.905286e+00    7.440861e+00    1.816709e+00
    29    28    6.277294e+00    1.668409e+00   -4.946846e+00    1.678727e+00
    29    29    5.728961e+00    1.340077e+00    1.456846e+01    1.393632e+00
    30     0   -2.268254e-01    1.757730e+00    0.000000e+00    0.000000e+00
    30     1    1.594882e+00    3.962999e+00    4.135438e+00    3.158874e+00
    30     2   -6.877722e-01    3.407131e+00   -4.005555e+00    3.577674e+00
    30     3    2.552759e+00    3.562529e+00   -1.577081e+01    3.520181e+00
    30     4    4.215654e+00    3.484052e+00    3.689463e+00    3.510111e+00
    30     5    7.424051e+00    3.654972e+00   -1.796884e+00    3.484330e+00
    30     6   -1.254647e+00    3.378746e+00    9.756552e-01    3.542689e+00
    30     7    2.133920e+00    3.505467e+00   -3.193672e+00    3.698464e+00
    30     8   -1.935831e+00    3.654078e+00   -3.000995e+00    3.510139e+00
    30     9   -2.559758e+00    3.773177e+00    7.534533e+00    3.632641e+00
    30    10    2.231168e-01    3.536170e+00   -1.206057e+00    3.626406e+00
    30    11    3.942089e+00    3.657495e+00   -1.039237e+00    3.475909e+00
    30    12   -6.123960e+00    3.792645e+00    2.017459e+00    3.465299e+00
    30    13    8.933212e+00    3.538708e+00   -1.850682e+00    3.502806e+00
    30    14    3.713584e+00    3.573587e+00    2.295397e-01    3.728970e+00
    30    15    9.405306e-01    3.499878e+00    7.378342e+00    3.616094e+00
    30    16    1.065944e+01    3.207766e+00   -3.442025e+00    3.264819e+00
    30    17    1.472943e+01    3.320320e+00    3.133804e+00    3.395670e+00
    30    18    6.252216e+00    3.450215e+00    6.057136e+00    3.499901e+00
    30    19    4.876153e+00    3.378389e+00   -3.688807e+00    3.278643e+00
    30    20    4.455291e+00    3.174807e+00    9.748297e+00    3.149276e+00
    30    21   -5.370847e+00    3.007137e+00   -1.948676e+00    3.039398e+00
    30    22    3.505003e+00    2.844539e+00   -5.781147e+00    2.898763e+00
    30    23   -8.643280e+00    2.677757e+00    1.254862e+00    2.648082e+00
    30    24    3.149541e+00    2.597729e+00   -4.607638e+00    2.474843e+00
    30    25    1.798369e+00    2.509441e+00    6.315498e+00    2.291392e+00
    30    26   -6.086534e+00    2.193134e+00    1.176023e+00    2.219647e+00
    30    27    2.359700e+00    2.026914e+00    2.241242e+00    2.054158e+00
    30    28    4.380403e+00    1.836108e+00   -2.772285e+00    1.853236e+00
    30    29    2.702706e+00    1.624074e+00    3.974615e+00    1.703731e+00
    30    30   -2.788954e+00    1.351609e+00    1.182890e+01    1.374460e+00
    31     0   -2.962620e+00    1.731545e+00    0.000000e+00    0.000000e+00
    31     1    2.988862e+00    4.040842e+00    7.366718e+00    3.218347e+00
    31     2    5.010396e+00    3.446108e+00    1.137804e+00    3.494763e+00
    31     3   -2.146746e+00    3.586121e+00   -6.779600e+00    3.585905e+00
    31     4   -3.567988e+00    3.489302e+00    6.967168e+00    3.514404e+00
    31     5    2.456514e+00    3.630893e+00    9.316059e+00    3.581048e+00
    31     6    7.572090e-01    3.566909e+00    4.075842e+00    3.467920e+00
    31     7    3.260664e+00    3.487875e+00    2.915352e+00    3.567734e+00
    31     8    6.089101e+00    3.670055e+00   -7.993882e+00    3.708675e+00
    31     9    3.516933e+00    3.702785e+00    6.207845e+00    3.570995e+00
    31    10   -1.049217e-01    3.737884e+00    9.666748e+00    3.712750e+00
    31    11    2.509547e+00    3.595557e+00   -2.019915e+00    3.506779e+00
    31    12    3.945090e+00    3.732875e+00   -2.877660e+00    3.563009e+00
    31    13    5.009076e+00    3.726751e+00    6.160087e+00    3.511520e+00
    31    14   -1.925801e+00    3.509789e+00   -1.086453e+00    3.628318e+00
    31    15   -6.080803e+00    3.591550e+00   -6.832878e+00    3.806294e+00
    31    16    3.310143e+00    3.412679e+00    1.706152e+00    3.498847e+00
    31    17    1.393525e+00    3.225953e+00    2.366064e+00    3.235785e+00
    31    18   -7.519249e+00    3.403322e+00    7.577162e+00    3.480375e+00
    31    19   -5.613380e+00    3.505021e+00    4.949800e+00    3.394231e+00
    31    20   -4.272252e+00    3.286635e+00    1.016133e+01    3.260940e+00
    31    21   -1.070069e+01    3.135365e+00    1.696421e+01    3.136763e+00
    31    22    3.247978e+00    2.955992e+00    1.118772e+00    3.045819e+00
    31    23    1.527242e+01    2.806501e+00    5.488155e+00    2.843744e+00
    31    24   -2.456807e+00    2.743021e+00   -9.708624e+00    2.537639e+00
    31    25    1.509237e+00    2.609197e+00   -3.090994e+00    2.420986e+00
    31    26    7.488268e+00    2.357013e+00    8.006061e+00    2.408869e+00
    31    27   -9.389224e+00    2.121352e+00   -7.415584e+00    2.255234e+00
    31    28   -1.657698e+00    2.055574e+00   -2.283196e+00    2.009255e+00
    31    29    9.588350e-01    1.784523e+00    3.523671e+00    1.894611e+00
    31    30    1.572179e+00    1.669028e+00    3.923116e+00    1.647027e+00
    31    31    8.195332e+00    1.354515e+00   -1.173326e+00    1.369219e+00
    32     0   -1.027877e-02    1.803704e+00    0.000000e+00    0.000000e+00
    32     1    8.309676e-01    3.843791e+00    9.817990e+00    3.147670e+00
    32     2    7.889487e-01    3.527824e+00   -8.992177e+00    3.666443e+00
    32     3   -2.874944e+00    3.435898e+00    5.800998e+00    3.486918e+00
    32     4    1.317490e+01    3.663652e+00    2.178818e+00    3.559774e+00
    32     5    1.478620e+00    3.434753e+00   -3.050121e+00    3.518082e+00
    32     6   -3.849490e+00    3.753919e+00   -4.807718e+00    3.529001e+00
    32     7   -2.112413e+00    3.525827e+00    6.427461e+00    3.401827e+00
    32     8   -5.725525e-01    3.643486e+00   -2.532395e-01    3.737824e+00
    32     9    2.510536e+00    3.642963e+00    2.437190e+00    3.694099e+00
    32    10   -8.054338e+00    3.733000e+00    6.177825e+00    3.615464e+00
    32    11   -8.423659e-01    3.746880e+00   -7.229906e+00    3.589399e+00
    32    12   -4.762781e+00    3.601118e+00   -1.394968e+00    3.477291e+00
    32    13   -3.188083e+00    3.748442e+00    5.153212e+00    3.582331e+00
    32    14    5.930491e+00    3.541618e+00   -6.757773e+00    3.601360e+00
    32    15    2.044891e-01    3.464000e+00    2.131841e+00    3.739677e+00
    32    16   -1.442364e-01    3.531325e+00    2.694618e+00    3.691055e+00
    32    17   -1.157840e+01    3.354016e+00   -2.985193e+00    3.301110e+00
    32    18    2.713775e+00    3.251786e+00    4.732099e+00    3.255753e+00
    32    19   -9.899470e+00    3.461737e+00   -8.941827e+00    3.436556e+00
    32    20   -1.702043e+00    3.366290e+00    2.593013e+00    3.335539e+00
    32    21    3.001372e+00    3.223616e+00   -2.718735e+00    3.178656e+00
    32    22   -6.615322e+00    3.020117e+00    4.821987e+00    3.135442e+00
    32    23    3.218290e+00    2.911065e+00   -8.096314e+00    2.964430e+00
    32    24   -7.700133e+00    2.883175e+00   -2.793853e+00    2.684766e+00
    32    25   -7.060544e+00    2.658764e+00    6.451412e+00    2.540711e+00
    32    26    6.721492e+00    2.484150e+00    9.624728e+00    2.488329e+00
    32    27   -5.981078e+00    2.276058e+00    2.173604e+00    2.424930e+00
    32    28    8.983058e+00    2.178248e+00   -6.651746e+00    2.153949e+00
    32    29    7.972214e-01    2.019117e+00    1.671087e+00    2.014994e+00
    32    30    2.693501e+00    1.874860e+00    1.424462e+00    1.774357e+00
    32    31    1.648066e+00    1.604559e+00    3.478731e-01    1.690859e+00
    32    32    3.388346e+00    1.319284e+00   -7.078064e+00    1.399729e+00
    33     0    2.562229e+00    1.865408e+00    0.000000e+00    0.000000e+00
    33     1   -3.088351e+00    3.730391e+00    1.522663e+00    3.030349e+00
    33     2    2.282349e+00    3.568099e+00    2.898905e-01    3.871292e+00
    33     3   -1.651688e+00    3.397083e+00    2.342836e+00    3.432736e+00
    33     4    3.414841e+00    3.653420e+00   -2.219408e+00    3.717766e+00
    33     5   -6.801195e-01    3.533082e+00   -5.345201e+00    3.479230e+00
    33     6    2.991905e+00    3.652639e+00    8.714641e+00    3.628409e+00
    33     7   -3.409790e+00    3.664356e+00    9.377904e-01    3.533060e+00
    33     8    4.804822e+00    3.619993e+00   -5.388882e+00    3.469263e+00
    33     9    9.907665e-01    3.749712e+00   -2.074640e+00    3.859535e+00
    33    10   -4.792474e+00    3.691461e+00   -2.065673e+00    3.572729e+00
    33    11    5.328926e-01    3.814905e+00    2.865495e+00    3.664030e+00
    33    12    5.516366e+00    3.722997e+00    4.944622e+00    3.560357e+00
    33    13   -1.813021e+00    3.599742e+00   -2.380626e+00    3.605781e+00
    33    14    6.907692e+00    3.669536e+00   -5.893188e+00    3.706198e+00
    33    15   -1.745224e+00    3.486732e+00    4.444249e-01    3.649807e+00
    33    16    2.327690e-01    3.543487e+00    8.844388e-01    3.763407e+00
    33    17   -4.841882e+00    3.544016e+00   -6.178659e+00    3.552189e+00
    33    18    6.033594e+00    3.354874e+00    1.080581e+01    3.219776e+00
    33    19    4.364055e-01    3.335221e+00   -5.279481e+00    3.318373e+00
    33    20    2.271712e+00    3.493461e+00    1.823087e+00    3.432077e+00
    33    21    1.572898e+00    3.321362e+00   -3.914484e+00    3.289001e+00
    33    22   -2.178726e+00    3.129743e+00   -1.490513e+00    3.223475e+00
    33    23   -1.019984e-01    3.019071e+00   -1.840473e+00    3.111887e+00
    33    24    1.204652e+01    2.993866e+00   -4.283890e-01    2.808146e+00
    33    25    3.086185e+00    2.857746e+00    6.081785e+00    2.656211e+00
    33    26   -6.926613e-01    2.511477e+00    1.489015e+00    2.643390e+00
    33    27    1.114165e+00    2.375726e+00   -7.932841e+00    2.580737e+00
    33    28    4.067057e+00    2.390338e+00   -2.367720e+00    2.282768e+00
    33    29   -7.607083e-01    2.177796e+00    4.302307e+00    2.137215e+00
    33    30   -2.084608e+00    2.044848e+00   -4.809092e-01    1.974050e+00
    33    31   -7.750071e+00    1.836512e+00    3.395217e+00    1.794600e+00
    33    32   -4.842296e+00    1.551434e+00    6.087953e+00    1.727740e+00
    33    33    8.046496e+00    1.353713e+00    1.095469e+00    1.359542e+00
    34     0    3.718043e+00    1.829943e+00    0.000000e+00    0.000000e+00
    34     1   -1.756796e+00    3.848724e+00   -1.760611e+00    3.131484e+00
    34     2   -2.883781e+00    3.542525e+00    3.802303e-01    3.692060e+00
    34     3   -3.098644e+00    3.700426e+00   -5.928834e+00    3.481746e+00
    34     4    2.819666e-01    3.352628e+00    4.799291e+00    3.752314e+00
    34     5   -1.526862e+00    3.839282e+00    1.473993e+00    3.634092e+00
    34     6    8.684018e+00    3.469894e+00    3.214037e+00    3.558009e+00
    34     7   -1.457362e+00    3.846102e+00   -1.182266e+00    3.679320e+00
    34     8    2.908693e+00    3.587375e+00   -3.801828e+00    3.394739e+00
    34     9    1.522777e+00    3.715667e+00   -1.390039e+00    3.822665e+00
    34    10    9.103026e+00    3.772407e+00    3.371124e+00    3.712114e+00
    34    11   -4.586736e+00    3.707923e+00    3.113599e+00    3.562622e+00
    34    12   -2.838584e+00    3.886015e+00    5.868924e-01    3.645383e+00
    34    13   -5.670670e+00    3.535481e+00    4.591974e+00    3.604949e+00
    34    14    1.622225e-01    3.611324e+00    1.999515e+00    3.665422e+00
    34    15   -3.638761e+00    3.606359e+00   -2.272669e+00    3.689656e+00
    34    16   -8.918322e-01    3.470799e+00   -4.478220e-01    3.683589e+00
    34    17    5.853732e+00    3.602276e+00   -1.466351e+00    3.683356e+00
    34    18   -4.231272e+00    3.517834e+00   -2.737533e+00    3.360566e+00
    34    19   -3.650903e+00    3.244871e+00    9.259925e-02    3.231344e+00
    34    20    2.519491e+00    3.400007e+00   -2.929651e+00    3.290466e+00
    34    21    5.386487e+00    3.431692e+00    3.940548e+00    3.418090e+00
    34    22    5.522058e+00    3.214851e+00   -6.364035e+00    3.232965e+00
    34    23    7.515403e+00    3.051291e+00   -3.305504e+00    3.180854e+00
    34    24    5.404631e+00    3.053437e+00    5.248690e+00    2.963862e+00
    34    25   -8.692882e+00    2.961958e+00   -2.713189e+00    2.775551e+00
    34    26    2.869136e+00    2.631887e+00    3.319719e+00    2.779634e+00
    34    27    7.017894e+00    2.425400e+00    3.563864e+00    2.663579e+00
    34    28   -4.252210e+00    2.469991e+00    8.445110e-01    2.434318e+00
    34    29    2.497811e+00    2.374707e+00    5.497828e+00    2.251221e+00
    34    30    2.806968e+00    2.107935e+00    6.102522e+00    2.159585e+00
    34    31   -6.486884e+00    1.996544e+00   -1.790470e-02    1.992678e+00
    34    32    8.811555e-01    1.727601e+00    1.128638e+00    1.874838e+00
    34    33    3.744053e+00    1.629648e+00   -7.509226e+00    1.634132e+00
    34    34    9.243860e-02    1.312601e+00   -8.593855e-01    1.400221e+00
    35     0    3.590836e+00    1.778392e+00    0.000000e+00    0.000000e+00
    35     1   -1.768619e+00    3.903608e+00    7.627698e-01    3.294595e+00
    35     2   -3.626542e+00    3.516719e+00   -1.388751e+00    3.591373e+00
    35     3   -1.759322e-02    3.839383e+00   -6.460683e+00    3.594631e+00
    35     4    4.790156e-01    3.426213e+00    3.931762e-01    3.591642e+00
    35     5   -6.341101e+00    3.749712e+00   -2.633576e+00    3.797950e+00
    35     6    2.335399e+00    3.587898e+00    3.393334e+00    3.630154e+00
    35     7    3.057359e+00    3.783174e+00    1.399000e-01    3.620823e+00
    35     8   -3.492089e+00    3.737916e+00    8.134962e+00    3.706170e+00
    35     9    6.322970e-01    3.557757e+00   -1.246191e+00    3.653282e+00
    35    10   -1.592741e+00    3.959658e+00    3.377195e+00    3.845176e+00
    35    11   -1.856128e+00    3.677939e+00   -4.302810e+00    3.644253e+00
    35    12   -2.388993e+00    3.848289e+00   -2.406295e-01    3.630418e+00
    35    13   -2.805657e+00    3.707836e+00   -3.201584e+00    3.711709e+00
    35    14   -3.958533e+00    3.530325e+00    2.872601e+00    3.697160e+00
    35    15    3.708556e+00    3.731387e+00    8.456402e-01    3.676287e+00
    35    16   -3.746334e+00    3.561799e+00   -3.470830e+00    3.714143e+00
    35    17   -9.004239e-01    3.609030e+00   -3.284526e+00    3.644579e+00
    35    18    3.941922e+00    3.632599e+00   -2.427796e+00    3.582245e+00
    35    19    2.910110e+00    3.350485e+00   -2.878024e+00    3.363025e+00
    35    20   -1.887516e+00    3.282527e+00   -9.041281e+00    3.211273e+00
    35    21   -2.217710e+00    3.428850e+00    2.474252e+00    3.381396e+00
    35    22    1.687800e+00    3.368217e+00    3.257050e+00    3.425569e+00
    35    23    5.277501e+00    3.132595e+00    1.519802e+00    3.229916e+00
    35    24   -2.622186e+00    3.152792e+00   -6.685596e+00    3.066289e+00
    35    25    8.870409e-01    3.085479e+00   -5.552692e+00    2.904040e+00
    35    26    5.534733e+00    2.729806e+00   -2.686419e+00    2.935454e+00
    35    27   -1.009428e+00    2.549659e+00   -1.492180e+00    2.806411e+00
    35    28    1.635280e+00    2.502543e+00   -2.819964e+00    2.570052e+00
    35    29   -1.852091e+00    2.523493e+00    1.431914e-01    2.373356e+00
    35    30   -3.873627e+00    2.254464e+00    2.071288e+00    2.353590e+00
    35    31   -1.464682e+00    2.062282e+00   -4.770782e+00    2.187164e+00
    35    32   -4.931148e+00    1.907219e+00    6.105555e-01    2.052981e+00
    35    33   -6.246534e+00    1.803821e+00    3.710097e-01    1.782332e+00
    35    34   -2.104713e+00    1.595165e+00   -4.092043e+00    1.655883e+00
    35    35    1.683784e-01    1.301360e+00    1.135442e+00    1.407891e+00
    36     0   -1.964359e+00    1.778109e+00    0.000000e+00    0.000000e+00
    36     1    1.485843e+00    3.804773e+00    4.632495e+00    3.297258e+00
    36     2    1.652358e+00    3.506033e+00   -1.939701e+00    3.597801e+00
    36     3    2.956978e+00    3.697152e+00   -2.109232e+00    3.605634e+00
    36     4    3.619711e+00    3.614991e+00    1.885218e+00    3.469466e+00
    36     5   -2.496664e+00    3.547466e+00   -2.531723e+00    3.790062e+00
    36     6   -1.524583e+00    3.725135e+00    3.791253e+00    3.765817e+00
    36     7    2.025477e-02    3.617390e+00   -1.736171e-01    3.565090e+00
    36     8    3.068768e+00    3.900035e+00   -1.048131e+00    3.781873e+00
    36     9    1.099404e+00    3.563323e+00   -4.318411e-01    3.630807e+00
    36    10   -2.614641e+00    3.841671e+00    8.344466e-02    3.700480e+00
    36    11    2.255020e+00    3.811587e+00   -1.011344e+00    3.835886e+00
    36    12   -1.879520e+00    3.714588e+00    3.409194e+00    3.522735e+00
    36    13    4.379208e+00    3.765683e+00   -4.329527e+00    3.796685e+00
    36    14   -2.541810e+00    3.532493e+00   -3.278671e+00    3.775933e+00
    36    15    3.751495e+00    3.668109e+00   -2.934882e+00    3.585677e+00
    36    16    5.661541e+00    3.682177e+00   -9.016209e+00    3.706817e+00
    36    17   -7.967895e-01    3.603690e+00   -8.613644e-01    3.617677e+00
    36    18   -3.370404e+00    3.576368e+00    8.906613e-01    3.636973e+00
    36    19   -1.749103e-01    3.511952e+00    3.678514e-01    3.493000e+00
    36    20   -3.358257e-02    3.290004e+00   -1.154764e-01    3.237331e+00
    36    21    4.018411e+00    3.357515e+00   -1.001291e+01    3.184131e+00
    36    22   -2.997877e+00    3.372031e+00   -3.374434e+00    3.422893e+00
    36    23   -1.283885e+00    3.298093e+00    7.011795e+00    3.291601e+00
    36    24   -2.779995e+00    3.147284e+00    4.825108e+00    3.090310e+00
    36    25    3.024477e+00    3.158266e+00    5.333966e+00    2.987501e+00
    36    26    3.498390e+00    2.861626e+00    6.883139e+00    3.018749e+00
    36    27    8.207806e-01    2.638333e+00   -2.504455e+00    2.933386e+00
    36    28   -2.089853e+00    2.597840e+00   -6.789446e+00    2.682610e+00
    36    29    3.140300e+00    2.563957e+00    1.068594e+00    2.453417e+00
    36    30   -9.426132e+00    2.353166e+00   -1.729003e+00    2.501186e+00
    36    31    4.177112e+00    2.197886e+00   -4.330538e+00    2.373558e+00
    36    32    2.979601e+00    2.088471e+00   -4.510117e+00    2.128443e+00
    36    33    4.428285e-01    2.014227e+00    7.777465e+00    1.924733e+00
    36    34    1.835841e+00    1.786950e+00   -6.886197e+00    1.783353e+00
    36    35    4.048449e+00    1.584413e+00   -2.458881e+00    1.648928e+00
    36    36    5.088418e+00    1.391778e+00   -3.876452e+00    1.314713e+00
    37     0   -1.611895e-01    1.817297e+00    0.000000e+00    0.000000e+00
    37     1    5.764054e-01    3.823062e+00    3.633478e+00    3.224504e+00
    37     2    1.311101e+00    3.587942e+00    5.056890e-01    3.672074e+00
    37     3    3.504308e+00    3.572679e+00    4.341213e+00    3.675315e+00
    37     4    6.990241e+00    3.695669e+00    1.215484e+00    3.573182e+00
    37     5   -8.654848e+00    3.601392e+00   -9.086445e-01    3.578048e+00
    37     6   -3.272775e+00    3.679666e+00   -1.727668e+00    3.940095e+00
    37     7   -4.295379e+00    3.652403e+00    4.404584e-01    3.638803e+00
    37     8   -1.372823e+00    3.894472e+00    3.359791e-01    3.725477e+00
    37     9   -1.527513e+00    3.757862e+00    7.572742e-01    3.831765e+00
    37    10   -9.184774e-01    3.732977e+00   -2.649809e+00    3.613265e+00
    37    11    2.247344e+00    3.872766e+00    1.541753e-01    3.923246e+00
    37    12   -1.233244e+00    3.809634e+00   -3.374264e-01    3.653382e+00
    37    13    2.327960e+00    3.693809e+00   -1.758501e+00    3.708987e+00
    37    14    1.173825e+00    3.709653e+00    1.404825e+00    3.937309e+00
    37    15   -5.841981e+00    3.625958e+00   -1.763378e+00    3.589842e+00
    37    16    2.811983e+00    3.702454e+00   -1.529138e+00    3.743785e+00
    37    17    8.396753e+00    3.695934e+00    5.124375e+00    3.694264e+00
    37    18    2.146027e-01    3.561986e+00    1.122238e+00    3.634157e+00
    37    19    5.338132e+00    3.552711e+00   -7.561176e+00    3.605490e+00
    37    20    4.949945e+00    3.441410e+00    1.006464e+00    3.400060e+00
    37    21   -3.570479e+00    3.312869e+00   -9.339384e+00    3.196764e+00
    37    22    3.073099e+00    3.340789e+00    7.667321e-01    3.342779e+00
    37    23    1.554079e+00    3.419625e+00    3.268867e+00    3.390093e+00
    37    24    2.575656e+00    3.310868e+00    2.575883e+00    3.178619e+00
    37    25    2.988452e-01    3.208149e+00    8.360689e-01    2.985826e+00
    37    26   -7.099986e-01    2.991039e+00   -9.706966e-01    3.136273e+00
    37    27   -4.250974e-01    2.787517e+00   -4.560247e+00    3.042311e+00
    37    28   -4.841392e+00    2.735279e+00    3.190654e+00    2.781342e+00
    37    29   -2.475171e+00    2.636013e+00   -1.715682e+00    2.606870e+00
    37    30    3.296634e+00    2.477452e+00    7.683713e+00    2.525937e+00
    37    31    1.061942e+01    2.307336e+00   -7.086507e-01    2.536775e+00
    37    32    8.186569e-01    2.255911e+00   -1.227828e+00    2.287043e+00
    37    33    3.056244e+00    2.126174e+00    1.068062e+00    2.062946e+00
    37    34    4.755748e+00    1.967923e+00   -2.781181e-01    1.950932e+00
    37    35    2.927223e+00    1.712929e+00   -2.279885e+00    1.839500e+00
    37    36   -7.588554e-01    1.665432e+00   -1.121785e+00    1.556395e+00
    37    37   -5.532658e+00    1.345642e+00   -1.568157e+00    1.357052e+00
    38     0   -5.693762e-01    1.870070e+00    0.000000e+00    0.000000e+00
    38     1   -4.938074e+00    3.768612e+00   -8.117039e-02    3.093233e+00
    38     2    2.436580e+00    3.545460e+00   -2.328939e+00    3.889683e+00
    38     3    5.630056e-01    3.497475e+00   -2.451773e+00    3.537665e+00
    38     4   -6.336493e-01    3.694450e+00   -7.413315e-01    3.761196e+00
    38     5   -3.629651e+00    3.712636e+00    3.627959e+00    3.349861e+00
    38     6    4.574936e+00    3.604863e+00   -7.889222e+00    4.008014e+00
    38     7    3.067565e-01    3.782862e+00   -1.706834e+00    3.671150e+00
    38     8    1.790700e-02    3.676745e+00    1.227254e+00    3.773462e+00
    38     9   -1.248259e+00    3.847909e+00   -2.533106e+00    3.883795e+00
    38    10    3.021908e+00    3.750255e+00   -7.357401e-01    3.644658e+00
    38    11    4.763459e+00    3.776972e+00    2.991542e+00    3.820250e+00
    38    12    2.371567e+00    3.919620e+00   -2.476265e+00    3.825962e+00
    38    13    5.315021e+00    3.613335e+00    8.912523e-01    3.738504e+00
    38    14    3.326644e+00    3.759306e+00   -1.159389e+00    3.878825e+00
    38    15   -3.767936e+00    3.724289e+00    2.126052e+00    3.753519e+00
    38    16   -5.426615e+00    3.639189e+00    6.957077e-01    3.594305e+00
    38    17    6.663455e-01    3.719280e+00   -3.190311e+00    3.798434e+00
    38    18    2.544141e+00    3.630275e+00   -1.008356e+00    3.678252e+00
    38    19   -4.644947e+00    3.546350e+00    2.851481e+00    3.586439e+00
    38    20    1.559923e+00    3.595471e+00    1.730442e+00    3.465316e+00
    38    21   -2.161144e+00    3.369590e+00    5.868379e+00    3.345514e+00
    38    22    1.058996e+00    3.254149e+00   -6.752467e-01    3.217797e+00
    38    23    3.084684e+00    3.258322e+00   -1.682426e+00    3.473579e+00
    38    24    3.303417e+00    3.486747e+00    3.066253e+00    3.231759e+00
    38    25   -1.403812e+00    3.257107e+00   -3.265215e+00    3.048270e+00
    38    26   -3.934817e+00    2.991975e+00   -1.331579e+00    3.142521e+00
    38    27   -5.143638e+00    2.887522e+00    5.318604e+00    3.169651e+00
    38    28   -2.980823e+00    2.849841e+00    6.003840e+00    2.897328e+00
    38    29   -2.950328e+00    2.722817e+00    3.277060e+00    2.732965e+00
    38    30    1.002410e-01    2.644687e+00    1.413459e+00    2.544804e+00
    38    31   -3.523672e+00    2.400859e+00   -5.075646e-01    2.567073e+00
    38    32   -1.343099e+00    2.388692e+00   -3.813819e-01    2.432271e+00
    38    33   -5.726292e-01    2.244357e+00   -6.559128e-01    2.271181e+00
    38    34    3.138632e+00    2.022503e+00    8.306844e-01    2.134569e+00
    38    35   -7.847309e-01    1.825226e+00   -4.664403e+00    2.065684e+00
    38    36    3.923274e+00    1.800268e+00    9.424575e+00    1.732802e+00
    38    37    6.346966e+00    1.583577e+00    2.580551e+00    1.626276e+00
    38    38    1.126098e-01    1.321487e+00    3.508498e+00    1.375558e+00
    39     0   -2.535414e+00    1.865827e+00    0.000000e+00    0.000000e+00
    39     1   -5.916036e+00    3.788838e+00   -5.444923e+00    3.172108e+00
    39     2   -1.865050e+00    3.469213e+00   -8.384508e-01    3.904552e+00
    39     3   -2.685375e-01    3.717246e+00    2.514196e+00    3.501148e+00
    39     4    2.372658e+00    3.590096e+00   -9.542559e-01    3.770204e+00
    39     5    2.099374e+00    3.779403e+00    2.521958e+00    3.523483e+00
    39     6    5.939126e-02    3.573433e+00   -2.797628e+00    3.761376e+00
    39     7    1.375156e+00    3.948595e+00   -3.059874e-01    3.779665e+00
    39     8    6.929538e-01    3.591347e+00    1.203632e+00    3.756355e+00
    39     9   -1.498863e+00    3.897429e+00   -1.738125e+00    3.905086e+00
    39    10   -3.019123e-01    3.869939e+00    5.514660e+00    3.797374e+00
    39    11    4.684550e+00    3.692708e+00   -2.906610e+00    3.792580e+00
    39    12   -3.346173e+00    3.981278e+00   -3.130341e+00    3.961270e+00
    39    13   -1.096850e-01    3.709671e+00    2.897816e+00    3.915446e+00
    39    14   -2.858352e-01    3.672736e+00   -1.049927e+00    3.714535e+00
    39    15    1.724276e+00    3.899937e+00    3.662624e+00    3.837318e+00
    39    16    7.694451e-01    3.708526e+00    1.080567e+00    3.701578e+00
    39    17   -8.497664e-01    3.651339e+00   -8.182057e+00    3.742520e+00
    39    18   -9.052960e-01    3.720770e+00    1.294675e+00    3.856098e+00
    39    19    2.018897e+00    3.694856e+00   -3.170707e+00    3.537329e+00
    39    20   -3.353326e+00    3.637187e+00   -1.309122e+00    3.458911e+00
    39    21    4.305927e+00    3.519163e+00   -1.945354e+00    3.461025e+00
    39    22   -1.506764e+00    3.260554e+00    5.904793e-01    3.399975e+00
    39    23    2.989734e+00    3.133000e+00   -2.127598e+00    3.426935e+00
    39    24   -1.734519e+00    3.498913e+00    2.015813e+00    3.324032e+00
    39    25   -1.879317e+00    3.434002e+00    1.440085e+00    3.202321e+00
    39    26   -1.736879e+00    3.031593e+00   -5.300010e-01    3.218721e+00
    39    27    1.487147e+00    2.893463e+00    3.094104e+00    3.225838e+00
    39    28   -3.708855e+00    2.932851e+00   -4.357620e+00    3.096334e+00
    39    29   -6.453206e-02    2.815927e+00    2.512427e-01    2.861009e+00
    39    30    3.393274e+00    2.823515e+00    2.002094e+00    2.595096e+00
    39    31   -3.653034e+00    2.588959e+00   -1.061612e+00    2.571679e+00
    39    32    6.720482e+00    2.459277e+00   -2.560044e+00    2.501918e+00
    39    33   -4.622647e+00    2.355141e+00    2.376931e+00    2.459078e+00
    39    34    2.870527e-01    2.116442e+00   -8.529337e-01    2.348385e+00
    39    35    5.933122e-01    1.967949e+00   -6.281814e+00    2.173387e+00
    39    36    8.626244e+00    1.972275e+00    2.408480e+00    1.897270e+00
    39    37    3.166270e+00    1.777445e+00    1.494573e+00    1.739025e+00
    39    38   -4.809010e+00    1.574137e+00   -2.912808e+00    1.625266e+00
    39    39   -2.612858e+00    1.358061e+00    5.382949e+00    1.337870e+00
    40     0    1.109271e-01    1.871652e+00    0.000000e+00    0.000000e+00
    40     1    6.571377e+00    3.884503e+00    1.349303e+00    3.309717e+00
    40     2    4.902363e+00    3.566888e+00   -3.855734e-02    3.706849e+00
    40     3   -7.627679e-01    3.873297e+00   -3.177431e+00    3.589931e+00
    40     4   -8.095133e-01    3.462130e+00   -7.967578e-01    3.742389e+00
    40     5   -4.875519e+00    3.721163e+00   -1.863794e+00    3.773786e+00
    40     6   -2.922916e+00    3.673201e+00   -4.187159e-01    3.598708e+00
    40     7    2.009146e+00    3.910146e+00   -7.455364e-01    3.778802e+00
    40     8    3.107692e+00    3.778250e+00   -1.436919e+00    3.808630e+00
    40     9   -2.181867e-01    3.757134e+00   -2.096622e+00    3.828289e+00
    40    10   -1.723094e-01    4.004652e+00   -1.460287e+00    3.935228e+00
    40    11    8.373260e-01    3.717617e+00    9.193598e-01    3.790508e+00
    40    12   -1.524477e+00    3.951648e+00    7.594137e-01    3.870264e+00
    40    13   -1.891901e+00    3.893913e+00   -2.760054e-01    4.015969e+00
    40    14    3.868863e+00    3.629278e+00   -1.510398e+00    3.777719e+00
    40    15    6.754228e+00    3.859806e+00   -3.639734e+00    3.717038e+00
    40    16   -9.019435e-01    3.850507e+00    5.537156e+00    3.860908e+00
    40    17    3.911125e+00    3.635904e+00    6.824394e-01    3.634437e+00
    40    18    6.091964e-01    3.636791e+00   -1.584039e+00    3.914211e+00
    40    19    1.321668e+00    3.831891e+00    2.117039e+00    3.635718e+00
    40    20    5.127332e+00    3.600227e+00   -4.255310e+00    3.517194e+00
    40    21   -1.684730e+00    3.562372e+00   -9.579155e-01    3.477109e+00
    40    22    1.627421e+00    3.377006e+00   -3.615471e-01    3.502446e+00
    40    23   -5.117312e+00    3.146579e+00   -6.406968e+00    3.403799e+00
    40    24   -3.373834e+00    3.329819e+00   -3.535159e-01    3.281405e+00
    40    25   -2.293970e+00    3.581516e+00    3.646796e+00    3.177633e+00
    40    26    2.797929e+00    3.123491e+00    5.785578e+00    3.352351e+00
    40    27    4.927223e+00    2.923969e+00   -3.318501e+00    3.223461e+00
    40    28    2.752565e+00    2.923717e+00    1.031901e+00    3.144705e+00
    40    29   -1.142156e+00    2.888963e+00    1.496860e+00    3.038238e+00
    40    30   -2.737314e+00    2.854566e+00    1.937811e+00    2.711097e+00
    40    31   -2.865732e+00    2.790791e+00    3.510698e+00    2.560369e+00
    40    32   -6.959448e+00    2.500395e+00    5.827263e-02    2.604937e+00
    40    33   -1.179771e+00    2.408501e+00   -1.449289e+00    2.521691e+00
    40    34   -1.699293e+00    2.247975e+00   -2.172398e+00    2.520624e+00
    40    35    2.923204e+00    2.130441e+00    3.715684e+00    2.295306e+00
    40    36   -4.564057e+00    2.084251e+00   -1.080580e+00    2.019053e+00
    40    37    5.853257e+00    1.975045e+00   -1.059773e+00    1.866659e+00
    40    38    8.527258e-01    1.705336e+00   -1.798042e+00    1.796436e+00
    40    39    2.637205e+00    1.627835e+00   -1.319889e+00    1.561571e+00
    40    40    1.763376e+00    1.322316e+00    7.601357e+00    1.367394e+00
    41     0   -2.761192e+00    1.878383e+00    0.000000e+00    0.000000e+00
    41     1    4.518576e+00    3.894456e+00   -1.316355e+00    3.339675e+00
    41     2    1.047019e+00    3.716008e+00   -1.683934e+00    3.620937e+00
    41     3   -1.547555e+00    3.738169e+00    3.466377e+00    3.711382e+00
    41     4   -2.045423e+00    3.614022e+00    4.509557e+00    3.718124e+00
    41     5    1.326692e+00    3.654891e+00   -7.521922e-02    3.857441e+00
    41     6    2.550021e+00    3.860503e+00   -2.758399e+00    3.644974e+00
    41     7   -2.535310e-01    3.835324e+00    1.398077e+00    3.613785e+00
    41     8   -2.748797e+00    3.998308e+00    1.495667e+00    3.802580e+00
    41     9   -1.908153e+00    3.709466e+00    7.968195e-01    3.810556e+00
    41    10    3.221560e-01    3.978070e+00    7.187603e-01    3.954518e+00
    41    11    4.991241e-01    3.787294e+00    9.211301e-01    4.042140e+00
    41    12   -2.048714e+00    3.931919e+00    2.338869e+00    3.730779e+00
    41    13    1.183606e-01    4.041183e+00   -8.632428e-01    4.042829e+00
    41    14   -3.777851e+00    3.774979e+00    5.059831e+00    3.889068e+00
    41    15   -3.607153e+00    3.828494e+00    1.641630e+00    3.643334e+00
    41    16   -6.403477e-01    3.921688e+00    2.014846e+00    3.875184e+00
    41    17    6.443479e-01    3.829912e+00    3.946350e+00    3.705962e+00
    41    18    4.077800e+00    3.554884e+00   -7.749842e+00    3.869548e+00
    41    19    6.596675e+00    3.874831e+00    4.838915e+00    3.759636e+00
    41    20   -2.238159e-01    3.709523e+00   -2.514418e+00    3.604583e+00
    41    21   -4.578581e+00    3.491470e+00   -5.807311e+00    3.574891e+00
    41    22    1.282071e+00    3.488184e+00   -4.693792e-01    3.578246e+00
    41    23   -3.294894e+00    3.186024e+00    1.097639e+00    3.572556e+00
    41    24    5.900005e+00    3.318610e+00   -1.595230e-01    3.232219e+00
    41    25   -1.102578e+00    3.561326e+00    1.297379e+00    3.152910e+00
    41    26   -1.398630e+00    3.198815e+00   -3.037970e+00    3.575422e+00
    41    27    1.274711e-01    3.047242e+00    2.100675e+00    3.317201e+00
    41    28    5.660443e-01    2.975403e+00    1.414092e-01    3.141303e+00
    41    29    4.013544e+00    2.925788e+00   -9.864615e-02    3.140623e+00
    41    30    2.854261e+00    2.988762e+00    5.831092e-01    2.856769e+00
    41    31    2.955534e+00    2.868075e+00   -3.061403e+00    2.662077e+00
    41    32   -1.514450e-01    2.572936e+00    8.117540e-01    2.742065e+00
    41    33   -1.295270e+00    2.473853e+00   -5.708034e+00    2.603549e+00
    41    34    5.611234e+00    2.306915e+00   -1.047144e+00    2.611271e+00
    41    35    2.293044e+00    2.310611e+00    6.331360e+00    2.448110e+00
    41    36    4.081259e+00    2.240266e+00   -3.234126e+00    2.146563e+00
    41    37   -6.917307e+00    2.068854e+00    3.916440e+00    2.016383e+00
    41    38    6.115655e+00    1.817765e+00    5.803219e+00    2.003109e+00
    41    39   -1.233837e+00    1.743075e+00   -6.233941e-01    1.743309e+00
    41    40    3.714108e+00    1.555691e+00   -5.962527e+00    1.631316e+00
    41    41    2.739998e+00    1.363130e+00   -6.518073e+00    1.325267e+00
    42     0   -2.543284e+00    1.921165e+00    0.000000e+00    0.000000e+00
    42     1   -1.193390e+00    3.833354e+00   -1.684381e+00    3.205058e+00
    42     2   -4.240946e+00    3.731460e+00    1.550926e+00    3.660349e+00
    42     3    1.568539e+00    3.594755e+00    1.193033e+00    3.692237e+00
    42     4    1.681574e+00    3.658877e+00   -4.578459e-01    3.732341e+00
    42     5    2.135650e+00    3.707440e+00    1.965576e+00    3.593587e+00
    42     6   -3.920291e+00    3.708195e+00    9.293968e-01    3.835437e+00
    42     7   -5.571553e+00    3.885725e+00    2.451280e+00    3.545692e+00
    42     8   -5.317738e+00    3.863472e+00    2.777418e+00    3.690582e+00
    42     9    7.135434e-01    3.776942e+00    9.908365e-01    3.866604e+00
    42    10   -2.153090e+00    3.905656e+00    5.038869e-01    3.663500e+00
    42    11    1.308588e+00    3.777672e+00   -5.778866e+00    4.236461e+00
    42    12   -3.694960e+00    3.898620e+00   -3.167201e+00    3.678123e+00
    42    13    2.436253e+00    3.842903e+00   -3.393426e-01    3.964014e+00
    42    14   -1.853943e+00    3.998563e+00    1.899282e-01    3.960967e+00
    42    15   -3.267554e+00    3.831557e+00   -3.500227e+00    3.576048e+00
    42    16    3.518784e+00    3.741997e+00   -2.725783e+00    3.818209e+00
    42    17    8.790943e-01    3.967108e+00    3.913104e+00    3.692104e+00
    42    18   -2.857101e+00    3.541120e+00   -3.346117e+00    3.810294e+00
    42    19    2.739057e+00    3.771321e+00   -2.849478e+00    3.681788e+00
    42    20   -1.520420e+00    3.897448e+00    2.276400e+00    3.598627e+00
    42    21    7.168021e-01    3.438539e+00    1.215131e+00    3.592017e+00
    42    22    5.093559e+00    3.460741e+00    8.301982e-02    3.495153e+00
    42    23    4.237528e+00    3.264347e+00   -3.929940e+00    3.648259e+00
    42    24   -5.746835e-01    3.309124e+00    1.139574e+00    3.288156e+00
    42    25    3.497202e+00    3.409511e+00   -2.569981e+00    3.073386e+00
    42    26   -2.939693e+00    3.140419e+00   -2.689176e+00    3.545238e+00
    42    27    1.552137e+00    3.068030e+00    1.015606e+00    3.549454e+00
    42    28   -2.502316e+00    3.051406e+00    2.741017e+00    3.116215e+00
    42    29   -1.242630e+00    2.919535e+00    1.531532e+00    3.107911e+00
    42    30    3.296760e-01    3.026017e+00    4.647845e+00    2.937905e+00
    42    31   -5.262938e+00    2.906981e+00    2.200266e+00    2.834117e+00
    42    32    2.805506e+00    2.651625e+00   -2.186290e+00    2.766788e+00
    42    33    2.689994e+00    2.523911e+00    2.631929e+00    2.736529e+00
    42    34    5.338838e-01    2.413839e+00   -2.277791e+00    2.609593e+00
    42    35    3.007091e+00    2.404197e+00   -1.826504e-01    2.459010e+00
    42    36   -2.730002e+00    2.399209e+00   -2.425414e+00    2.290003e+00
    42    37   -4.701052e+00    2.210894e+00    4.459937e+00    2.123509e+00
    42    38   -9.406135e+00    1.960918e+00    2.801155e+00    2.090956e+00
    42    39   -2.647829e+00    1.881922e+00    1.345978e+00    1.916593e+00
    42    40   -1.135426e-01    1.723845e+00    4.165095e+00    1.749880e+00
    42    41    4.763102e-01    1.594982e+00    2.450961e+00    1.578746e+00
    42    42   -1.099246e+00    1.344091e+00   -5.450851e+00    1.340152e+00
    43     0    5.800628e-03    1.875475e+00    0.000000e+00    0.000000e+00
    43     1   -1.360828e+00    4.024362e+00   -1.388099e+00    3.220358e+00
    43     2   -6.228942e-01    3.575305e+00   -2.025773e+00    3.765031e+00
    43     3   -2.384476e+00    3.867852e+00    2.936427e+00    3.676501e+00
    43     4   -3.002793e+00    3.617551e+00   -2.104440e+00    3.796330e+00
    43     5    5.217259e-01    3.857991e+00   -2.278115e+00    3.654334e+00
    43     6    2.605665e+00    3.551783e+00    1.239884e+00    3.960431e+00
    43     7    5.372128e-01    3.984318e+00   -4.276332e+00    3.615323e+00
    43     8    7.572123e-01    3.796437e+00   -1.168930e+00    3.671094e+00
    43     9    9.364560e-01    3.852888e+00    2.103154e-01    3.899940e+00
    43    10   -1.942623e+00    3.892512e+00    2.109311e+00    3.649664e+00
    43    11   -1.739091e+00    3.743178e+00    1.455747e+00    4.233912e+00
    43    12    4.849471e+00    3.968486e+00   -3.158623e+00    3.873903e+00
    43    13   -3.047293e+00    3.763580e+00    6.138785e-01    3.917457e+00
    43    14    3.764729e+00    4.015791e+00   -7.642441e+00    4.042857e+00
    43    15    3.141642e-01    4.018866e+00    2.027110e+00    3.733378e+00
    43    16   -3.511859e+00    3.664066e+00   -1.092336e+00    3.739127e+00
    43    17   -7.397931e-01    3.955346e+00   -5.569961e+00    3.764262e+00
    43    18   -1.276965e+00    3.609823e+00    2.249913e+00    3.990351e+00
    43    19   -2.489847e+00    3.725688e+00   -6.617112e-01    3.637781e+00
    43    20    2.045124e+00    3.964250e+00    3.652555e+00    3.573806e+00
    43    21    2.502131e+00    3.706016e+00    1.658468e+00    3.675884e+00
    43    22   -2.532662e+00    3.517572e+00    6.674037e-01    3.454667e+00
    43    23    1.214098e-01    3.396540e+00    1.050831e+00    3.604322e+00
    43    24    4.279635e+00    3.387444e+00    2.841876e-01    3.426162e+00
    43    25    1.327488e+00    3.400444e+00    2.916154e+00    3.137916e+00
    43    26    3.624232e+00    3.169343e+00    4.492616e+00    3.390534e+00
    43    27    4.857721e+00    3.111251e+00   -3.441478e-01    3.617094e+00
    43    28   -2.070355e+00    3.292301e+00    1.214574e-01    3.252203e+00
    43    29   -3.671747e+00    2.985585e+00    2.036198e-01    3.110637e+00
    43    30   -3.086340e+00    3.006961e+00   -6.703944e+00    3.013593e+00
    43    31   -1.357842e+00    3.000219e+00   -8.697431e-01    2.953641e+00
    43    32    3.828235e+00    2.725360e+00   -7.233427e-01    2.936050e+00
    43    33    3.731357e+00    2.588391e+00   -1.878186e+00    2.806817e+00
    43    34   -1.353735e+00    2.589404e+00    2.543521e+00    2.635524e+00
    43    35   -6.015486e-01    2.452723e+00   -1.105083e+00    2.539765e+00
    43    36    1.069515e+00    2.499543e+00    3.582234e+00    2.347959e+00
    43    37   -3.850674e-01    2.383152e+00    3.789247e-02    2.265775e+00
    43    38   -2.788995e-01    2.140519e+00    3.168597e+00    2.159498e+00
    43    39    3.491167e+00    1.987341e+00   -4.232161e+00    2.058641e+00
    43    40   -3.221407e+00    1.917919e+00    1.283036e+00    1.863707e+00
    43    41   -2.530605e+00    1.714182e+00   -7.394346e-01    1.744981e+00
    43    42   -4.574329e+00    1.621872e+00    5.395737e-01    1.549231e+00
    43    43   -2.644256e-01    1.316828e+00   -2.203906e+00    1.366459e+00
    44     0    1.278890e+00    1.728394e+00    0.000000e+00    0.000000e+00
    44     1   -1.112741e+00    3.737052e+00    5.154110e+00    3.069687e+00
    44     2   -2.330053e+00    3.215543e+00    1.082197e-01    3.531748e+00
    44     3   -2.136974e+00    3.649187e+00   -1.180914e+00    3.344059e+00
    44     4    1.566463e+00    3.373195e+00   -1.338592e-01    3.434236e+00
    44     5    5.468297e-01    3.572082e+00   -1.837666e+00    3.455488e+00
    44     6    3.422145e+00    3.304971e+00    2.105652e+00    3.571943e+00
    44     7    1.269156e-01    3.669831e+00    5.045872e+00    3.326049e+00
    44     8    4.552957e+00    3.501036e+00   -5.057981e+00    3.386863e+00
    44     9    7.817658e-01    3.439294e+00   -2.520771e-01    3.482721e+00
    44    10    7.864429e-01    3.556376e+00   -1.257234e+00    3.431175e+00
    44    11   -4.656057e+00    3.315526e+00    8.987678e-01    3.580282e+00
    44    12    1.749871e+00    3.628714e+00   -1.030958e+00    3.558276e+00
    44    13   -5.770808e-01    3.365357e+00   -1.890339e+00    3.445765e+00
    44    14    8.589105e-01    3.542187e+00   -1.626972e-01    3.647748e+00
    44    15   -2.290465e+00    3.613848e+00   -2.026205e+00    3.453882e+00
    44    16   -3.934750e+00    3.329569e+00   -4.906553e-01    3.377250e+00
    44    17    1.528793e+00    3.455025e+00    2.152533e-01    3.338609e+00
    44    18    9.544296e-01    3.288909e+00    5.472616e+00    3.563118e+00
    44    19    5.952519e-01    3.270296e+00   -7.455120e-01    3.280641e+00
    44    20   -2.794065e+00    3.445758e+00   -4.279501e+00    3.217212e+00
    44    21    1.264110e+00    3.306740e+00    1.090289e+00    3.235270e+00
    44    22    2.719637e+00    3.260427e+00   -1.338254e+00    3.131566e+00
    44    23   -2.519008e+00    3.068291e+00    9.689305e-01    3.165130e+00
    44    24    1.395585e+00    3.164750e+00    1.550306e+00    3.143300e+00
    44    25   -1.958158e-01    3.076871e+00    2.404484e+00    2.896297e+00
    44    26   -6.306400e+00    2.922715e+00    8.257998e-01    2.998149e+00
    44    27    2.402945e+00    2.850848e+00    1.571504e+00    3.130309e+00
    44    28   -3.553391e+00    3.049445e+00    2.871447e+00    2.945399e+00
    44    29   -2.466034e+00    2.814166e+00    1.469735e+00    2.874249e+00
    44    30   -5.015857e-01    2.732989e+00    1.154487e+00    2.759972e+00
    44    31   -1.095734e+00    2.770401e+00   -9.710307e-01    2.759918e+00
    44    32   -2.497218e+00    2.558990e+00   -2.746496e-01    2.806829e+00
    44    33   -2.327738e+00    2.497926e+00   -5.642495e+00    2.646315e+00
    44    34   -5.857351e+00    2.472577e+00    3.257160e-01    2.476775e+00
    44    35   -2.850473e+00    2.375512e+00    8.374826e-01    2.450034e+00
    44    36   -2.434827e+00    2.372386e+00    2.856765e+00    2.255051e+00
    44    37    4.475541e+00    2.301990e+00    4.777938e+00    2.239840e+00
    44    38    5.335026e-01    2.161609e+00    4.978317e-01    2.170747e+00
    44    39    1.260978e+00    1.974894e+00    1.838728e+00    2.057555e+00
    44    40    4.592773e+00    1.926893e+00   -3.505129e+00    1.930964e+00
    44    41   -4.772063e+00    1.795818e+00    3.942961e+00    1.844668e+00
    44    42   -1.000326e-01    1.684341e+00    1.872483e+00    1.660426e+00
    44    43   -8.013591e+00    1.517560e+00   -6.951481e-01    1.581959e+00
    44    44   -2.986663e+00    1.354385e+00    2.184981e-01    1.283281e+00
    45     0    1.383946e+00    1.725812e+00    0.000000e+00    0.000000e+00
    45     1    1.348622e-01    3.729467e+00    2.314170e+00    3.092525e+00
    45     2   -5.304580e+00    3.267930e+00   -3.973783e+00    3.539199e+00
    45     3    4.905686e-01    3.612608e+00   -4.013976e+00    3.322250e+00
    45     4    2.041217e+00    3.447084e+00    3.575553e+00    3.506550e+00
    45     5   -2.248238e+00    3.440010e+00    2.206647e+00    3.442626e+00
    45     6    9.275123e-03    3.519098e+00    7.402519e-01    3.497645e+00
    45     7   -1.230630e+00    3.473194e+00    3.807087e+00    3.394536e+00
    45     8    1.666657e+00    3.608232e+00   -3.957022e+00    3.356941e+00
    45     9    9.857909e-02    3.371531e+00    1.655018e+00    3.504172e+00
    45    10    4.351269e+00    3.563718e+00   -3.829739e-01    3.458923e+00
    45    11   -6.183194e-01    3.378746e+00   -2.502782e+00    3.526469e+00
    45    12    1.486029e+00    3.603174e+00   -1.215662e+00    3.489351e+00
    45    13    6.595160e-01    3.497412e+00   -1.355838e+00    3.531771e+00
    45    14   -3.963478e+00    3.335363e+00    4.618155e-01    3.529724e+00
    45    15   -9.163517e-01    3.693009e+00   -2.882347e+00    3.550215e+00
    45    16    3.571160e+00    3.369735e+00    2.587969e+00    3.454335e+00
    45    17    4.701618e+00    3.496307e+00    1.884642e+00    3.287654e+00
    45    18   -4.816595e+00    3.277767e+00   -1.804411e+00    3.614471e+00
    45    19    8.786742e-01    3.314864e+00   -2.384557e+00    3.372060e+00
    45    20    3.613120e+00    3.390861e+00    2.279280e+00    3.172983e+00
    45    21    1.537496e+00    3.435388e+00    3.168360e+00    3.204747e+00
    45    22    1.725058e+00    3.255262e+00    2.807466e+00    3.188026e+00
    45    23   -6.368974e-01    3.184025e+00    8.362762e-01    3.147676e+00
    45    24    5.586742e+00    3.176229e+00    6.325947e-01    3.077249e+00
    45    25    3.172464e+00    3.161735e+00    1.015800e+00    3.094026e+00
    45    26   -1.033808e+00    2.880273e+00    6.104850e-01    3.041245e+00
    45    27    8.434514e-01    2.885248e+00   -1.410283e+00    3.079032e+00
    45    28   -1.983667e+00    3.090712e+00    6.215257e-01    2.918870e+00
    45    29   -1.122353e+00    2.972646e+00   -1.464893e-01    2.937955e+00
    45    30   -4.682781e-01    2.767629e+00   -3.032270e+00    2.849138e+00
    45    31    2.455303e+00    2.769080e+00   -4.623588e-01    2.714725e+00
    45    32    8.003805e-01    2.676382e+00    1.300015e+00    2.835895e+00
    45    33    4.419945e+00    2.555683e+00   -2.000157e+00    2.756787e+00
    45    34   -7.055679e-01    2.522226e+00   -1.650187e+00    2.570438e+00
    45    35   -3.290197e+00    2.410235e+00   -1.412681e+00    2.517745e+00
    45    36    1.070134e-01    2.406010e+00   -1.986022e+00    2.380492e+00
    45    37   -2.271130e+00    2.323314e+00   -4.647172e+00    2.277938e+00
    45    38   -4.451405e+00    2.237222e+00    5.130244e+00    2.287467e+00
    45    39   -5.324663e+00    2.103703e+00   -3.594548e+00    2.187818e+00
    45    40    2.723342e+00    2.000192e+00   -1.712701e+00    2.007849e+00
    45    41    3.455278e+00    1.879423e+00   -4.926153e-01    1.962409e+00
    45    42   -4.487441e+00    1.796332e+00    1.709834e+00    1.817051e+00
    45    43    2.366505e+00    1.680926e+00   -4.795459e+00    1.651978e+00
    45    44   -4.276260e+00    1.590138e+00   -3.385500e+00    1.504342e+00
    45    45    4.971121e+00    1.302630e+00    4.198706e+00    1.328620e+00
