     0     0    1.099339e+04    4.754418e-01    0.000000e+00    0.000000e+00
     1     0   -1.456036e-05    1.105413e+00    0.000000e+00    0.000000e+00
     1     1   -5.317446e-04    1.124705e+00   -1.454329e-05    8.140100e-01
     2     0   -2.071701e+03    1.023040e+00    0.000000e+00    0.000000e+00
     2     1    5.593558e+01    1.397400e+00   -2.399225e+01    8.482374e-01
     2     2    2.422633e+02    2.955624e-01    3.184870e+00    3.202837e-01
     3     0    3.734086e+02    1.216123e+00    0.000000e+00    0.000000e+00
     3     1   -1.727708e+02    1.070525e+00    5.417439e+01    6.563320e-01
     3     2   -6.964110e+01    2.651585e-01    7.224330e+00    2.738423e-01
     3     3    4.766275e+00    6.037557e-02   -3.358007e+01    5.921928e-02
     4     0    1.840486e+02    1.612527e+00    0.000000e+00    0.000000e+00
     4     1    1.134342e+02    7.205634e-01   -1.166902e+01    5.589683e-01
     4     2    8.405245e+00    1.949295e-01   -1.079165e+01    1.789249e-01
     4     3   -4.735523e+00    4.026503e-02    4.290929e+00    4.259677e-02
     4     4   -2.418530e-01    8.365108e-03    6.265512e-01    8.254208e-03
     5     0    4.424500e+02    1.864359e+00    0.000000e+00    0.000000e+00
     5     1   -7.457453e+01    6.213726e-01   -2.675878e+01    5.195776e-01
     5     2   -8.619781e-01    1.328599e-01    2.286628e+00    1.161090e-01
     5     3    1.199021e+00    2.544886e-02   -1.052863e-01    2.829622e-02
     5     4   -2.017989e-01    5.034727e-03    1.509508e-02    4.725398e-03
     5     5   -4.309652e-02    9.008985e-04   -7.591185e-02    9.382296e-04
     6     0   -2.294474e+01    1.785835e+00    0.000000e+00    0.000000e+00
     6     1   -1.502777e+01    6.970812e-01    2.027016e+01    4.954012e-01
     6     2   -4.002776e+00    8.240357e-02    3.782175e+00    8.341390e-02
     6     3    2.458653e-01    1.661285e-02   -1.135384e+00    1.726528e-02
     6     4   -1.454400e-01    2.900323e-03    7.080171e-02    2.785729e-03
     6     5   -3.891308e-03    4.455198e-04   -1.284026e-02    4.714849e-04
     6     6   -1.555698e-02    8.409362e-05   -5.809280e-03    8.124547e-05
     7     0   -2.301110e+02    1.853174e+00    0.000000e+00    0.000000e+00
     7     1    5.216872e+01    6.783220e-01    2.808653e-01    4.488974e-01
     7     2    2.065856e+00    6.550783e-02   -1.098276e+00    7.269162e-02
     7     3    4.071165e-01    1.045799e-02    4.335570e-01    9.963609e-03
     7     4   -1.068200e-03    1.749677e-03    1.369212e-02    1.792615e-03
     7     5    8.927783e-03    2.510163e-04    2.251198e-02    2.503032e-04
     7     6    1.108497e-03    3.659295e-05    1.771324e-03    3.662990e-05
     7     7   -1.221110e-03    6.306301e-06    2.925368e-04    6.423323e-06
     8     0   -1.219718e+01    2.161462e+00    0.000000e+00    0.000000e+00
     8     1   -1.655854e+01    5.488528e-01    8.547507e+00    4.164470e-01
     8     2   -3.117354e+00    6.386918e-02   -2.318413e+00    6.086991e-02
     8     3    4.765150e-02    6.698474e-03   -1.022057e-01    6.780166e-03
     8     4    1.662177e-02    1.010286e-03   -1.603240e-02    1.016657e-03
     8     5   -2.715687e-04    1.468952e-04    6.526364e-04    1.433958e-04
     8     6    5.675444e-04    1.783020e-05    2.451676e-04    1.843817e-05
     8     7   -1.516352e-04    2.544367e-06   -7.323851e-05    2.490921e-06
     8     8   -2.329920e-05    4.232526e-07    6.215030e-05    4.247942e-07
     9     0    2.027311e+02    2.433380e+00    0.000000e+00    0.000000e+00
     9     1   -4.105106e+00    4.708166e-01   -1.767087e+00    3.995674e-01
     9     2   -6.130599e-03    5.782161e-02    6.487940e-01    4.942198e-02
     9     3   -6.912839e-02    4.989700e-03    5.291336e-02    5.687159e-03
     9     4   -1.918833e-02    6.290377e-04   -1.738149e-02    5.727628e-04
     9     5    8.547426e-04    8.171942e-05   -1.209685e-04    8.459087e-05
     9     6    2.183839e-04    1.008042e-05   -3.104653e-06    1.004144e-05
     9     7    3.109276e-05    1.183003e-06    2.218337e-05    1.149598e-06
     9     8   -1.216738e-06    1.517024e-07    1.803806e-06    1.575032e-07
     9     9    3.841615e-07    2.538909e-08    1.898251e-06    2.473451e-08
    10     0    2.175416e+01    2.300353e+00    0.000000e+00    0.000000e+00
    10     1   -1.946105e+01    5.210047e-01    4.235601e+00    3.850434e-01
    10     2    6.609954e-02    4.107718e-02    9.386931e-01    4.105582e-02
    10     3    8.124278e-02    4.379370e-03    4.545900e-02    4.630616e-03
    10     4   -1.028336e-02    4.056335e-04    5.502894e-03    3.808331e-04
    10     5   -3.574475e-04    4.523414e-05    7.063194e-04    4.808261e-05
    10     6   -5.489755e-05    5.693908e-06   -1.207769e-04    5.485188e-06
    10     7    1.962288e-06    5.761260e-07   -1.712766e-05    6.097191e-07
    10     8    3.177247e-06    6.474189e-08   -7.821388e-07    6.567308e-08
    10     9    8.286958e-09    8.472429e-09   -2.796866e-08    8.378090e-09
    10    10    1.496347e-07    1.302992e-09    8.821876e-08    1.333624e-09
    11     0   -1.013584e+01    2.248647e+00    0.000000e+00    0.000000e+00
    11     1    3.092694e+00    5.506264e-01   -9.394379e+00    3.636411e-01
    11     2    4.680475e-01    3.180270e-02   -4.445950e-01    3.729376e-02
    11     3    2.774813e-02    3.640055e-03   -3.565909e-02    3.351116e-03
    11     4   -7.552533e-04    2.947267e-04   -5.559699e-03    3.183222e-04
    11     5    1.336695e-04    2.850269e-05    3.658387e-04    2.620461e-05
    11     6    5.340132e-07    3.109207e-06   -1.689556e-05    3.193298e-06
    11     7   -5.526605e-06    3.199274e-07   -3.626295e-06    3.333907e-07
    11     8   -9.955227e-07    3.140504e-08    3.075856e-07    3.195343e-08
    11     9   -2.935244e-08    3.282441e-09   -5.945524e-08    3.413164e-09
    11    10   -2.315371e-09    4.216216e-10   -5.926497e-09    4.132091e-10
    11    11    2.828675e-09    6.353309e-11   -1.199417e-09    6.272027e-11
    12     0   -4.628103e+01    2.464840e+00    0.000000e+00    0.000000e+00
    12     1   -8.282729e-01    4.827966e-01   -2.614110e+00    3.471174e-01
    12     2    9.306145e-02    3.249891e-02    5.514074e-01    3.319675e-02
    12     3    1.140694e-02    2.619873e-03    9.239087e-03    2.524946e-03
    12     4   -2.881821e-03    2.334020e-04    5.921842e-04    2.490454e-04
    12     5    7.943554e-05    1.924370e-05    2.079285e-04    1.723840e-05
    12     6   -9.420504e-07    1.680876e-06    2.089017e-05    1.757208e-06
    12     7   -7.480234e-07    1.803739e-07   -2.703724e-07    1.786948e-07
    12     8   -9.890682e-08    1.568277e-08    4.511347e-08    1.712722e-08
    12     9    1.225326e-08    1.497246e-09    2.669541e-08    1.512486e-09
    12    10   -1.957646e-09    1.596399e-10    1.294526e-10    1.502831e-10
    12    11    1.688721e-12    1.895182e-11   -5.289861e-10    1.857940e-11
    12    12    6.958415e-11    2.769599e-12   -1.113966e-10    2.730298e-12
    13     0   -4.368249e+01    2.840801e+00    0.000000e+00    0.000000e+00
    13     1   -2.064176e-01    3.975003e-01   -5.415341e+00    3.364849e-01
    13     2   -1.167136e-01    3.405208e-02   -3.716565e-01    2.954617e-02
    13     3    2.997230e-03    1.924863e-03   -2.024831e-02    2.153214e-03
    13     4   -1.577084e-03    1.829045e-04   -4.311057e-04    1.738734e-04
    13     5    5.892176e-05    1.325452e-05    8.260421e-05    1.445029e-05
    13     6   -1.343166e-05    1.036446e-06   -5.990504e-06    9.945740e-07
    13     7    2.944704e-07    9.997638e-08    4.767444e-07    9.591122e-08
    13     8   -9.151839e-08    8.646304e-09    9.724547e-09    9.457799e-09
    13     9   -3.618165e-09    7.453568e-10    1.014344e-08    7.536882e-10
    13    10    8.395964e-10    6.725340e-11   -1.185461e-09    6.612277e-11
    13    11    4.710560e-12    6.957564e-12   -7.320006e-11    6.345240e-12
    13    12   -2.234045e-12    7.920055e-13    4.552983e-12    7.583883e-13
    13    13   -9.469094e-13    1.094613e-13   -6.612070e-12    1.112040e-13
    14     0   -3.645524e+01    2.855422e+00    0.000000e+00    0.000000e+00
    14     1    1.904703e-01    3.964178e-01    3.239459e+00    3.232783e-01
    14     2   -3.435618e-01    2.800184e-02    3.758894e-01    2.636882e-02
    14     3   -4.504084e-03    1.736175e-03    2.831968e-02    1.925232e-03
    14     4   -2.872962e-04    1.317456e-04   -7.189947e-04    1.172215e-04
    14     5    4.010148e-05    9.593458e-06    6.408766e-05    1.114432e-05
    14     6   -1.733617e-06    6.947996e-07   -3.861173e-06    6.729560e-07
    14     7   -1.832045e-07    5.223473e-08    5.613988e-07    5.416981e-08
    14     8   -4.389791e-08    4.954331e-09   -3.580914e-08    4.778088e-09
    14     9   -1.419466e-09    3.860786e-10    1.065257e-09    4.098204e-10
    14    10    4.123490e-11    3.114869e-11   -8.693276e-11    3.128164e-11
    14    11   -2.744171e-11    2.855785e-12    2.650825e-11    2.521513e-12
    14    12   -4.046653e-12    2.672625e-13    3.177437e-12    2.544149e-13
    14    13    7.075404e-13    2.947957e-14    1.205791e-13    2.914351e-14
    14    14   -5.296861e-14    4.086920e-15   -3.971795e-15    4.077606e-15
    15     0   -2.254917e+01    2.787313e+00    0.000000e+00    0.000000e+00
    15     1    3.196180e+00    4.380340e-01    4.112788e+00    3.117776e-01
    15     2   -6.387557e-02    2.230862e-02   -5.271903e-02    2.328523e-02
    15     3   -2.863249e-04    1.626728e-03    1.692326e-04    1.663264e-03
    15     4   -6.090671e-04    9.588339e-05    1.955520e-04    9.610451e-05
    15     5    5.620099e-05    7.334710e-06   -2.379875e-05    7.184574e-06
    15     6    1.455442e-06    4.953074e-07   -8.424000e-06    5.204795e-07
    15     7    3.681993e-07    3.101377e-08    4.583368e-08    3.269197e-08
    15     8    3.366430e-08    2.662751e-09   -4.740829e-10    2.530899e-09
    15     9    3.056443e-09    2.122037e-10    8.441970e-10    2.184042e-10
    15    10    1.264556e-11    1.615118e-11    2.530201e-11    1.610856e-11
    15    11   -2.680573e-13    1.239376e-12   -1.009328e-11    1.174950e-12
    15    12   -5.350052e-13    1.056130e-13    4.978550e-13    9.803637e-14
    15    13   -1.317058e-13    9.600820e-15    1.330280e-13    9.500496e-15
    15    14   -1.450512e-14    1.024809e-15   -3.964242e-15    1.053276e-15
    15    15   -1.821894e-15    1.407871e-16   -1.833687e-15    1.419691e-16
    16     0    4.831781e+01    2.688734e+00    0.000000e+00    0.000000e+00
    16     1    1.825724e+00    4.382266e-01    2.120666e+00    3.080891e-01
    16     2    6.511444e-02    1.968454e-02    1.040021e-01    2.059539e-02
    16     3   -2.762646e-03    1.398781e-03    1.467896e-03    1.358412e-03
    16     4    7.448195e-04    7.653933e-05    3.572485e-04    8.452440e-05
    16     5   -2.766944e-06    5.267877e-06    3.297136e-05    4.768786e-06
    16     6    1.955527e-06    3.553691e-07   -4.442023e-06    3.725946e-07
    16     7   -1.274713e-07    2.167734e-08   -4.947774e-08    2.199266e-08
    16     8    2.158464e-09    1.394729e-09    1.748055e-09    1.427583e-09
    16     9    1.324161e-10    1.155283e-10   -1.896068e-09    1.117591e-10
    16    10   -9.398470e-12    8.386572e-12    6.511390e-11    8.589463e-12
    16    11   -8.783513e-13    6.082237e-13   -1.117272e-12    5.738686e-13
    16    12   -3.514006e-13    4.488131e-14    7.395117e-13    4.125449e-14
    16    13    3.843597e-14    3.522774e-15    4.827474e-14    3.584594e-15
    16    14   -5.899017e-15    3.177240e-16   -4.408891e-15    3.290130e-16
    16    15    3.672630e-16    3.401013e-17   -1.859838e-16    3.432906e-17
    16    16   -6.271058e-17    4.576650e-18   -9.329090e-17    4.597016e-18
    17     0    4.128425e+00    2.988226e+00    0.000000e+00    0.000000e+00
    17     1    6.630515e-01    3.933645e-01    4.318886e-01    2.944168e-01
    17     2    6.417302e-02    1.997713e-02   -1.348383e-01    2.006478e-02
    17     3    5.524955e-03    1.113357e-03   -3.000768e-03    1.095428e-03
    17     4    2.387367e-05    6.906092e-05   -4.976103e-04    7.236822e-05
    17     5   -3.011914e-05    3.712590e-06    3.135365e-05    3.685512e-06
    17     6    2.416336e-06    2.442814e-07   -1.018086e-06    2.527337e-07
    17     7   -1.191493e-07    1.576086e-08   -1.059804e-07    1.565871e-08
    17     8    1.422110e-09    8.509727e-10    6.212198e-09    9.085745e-10
    17     9   -3.557554e-10    6.217589e-11   -5.585422e-10    5.837995e-11
    17    10   -2.508327e-11    4.451777e-12    3.469450e-11    4.639812e-12
    17    11    1.479821e-12    3.175895e-13   -8.366741e-13    2.948089e-13
    17    12    1.810029e-13    2.077287e-14    1.080977e-13    1.971154e-14
    17    13    1.016732e-14    1.459287e-15   -1.937447e-15    1.448762e-15
    17    14    8.241217e-16    1.155616e-16   -1.031216e-15    1.177962e-16
    17    15   -1.282974e-16    1.010198e-17    1.836092e-18    1.049986e-17
    17    16    9.283588e-18    1.070239e-18    1.231377e-19    1.058233e-18
    17    17   -4.131503e-18    1.410103e-19   -1.080452e-18    1.386306e-19
    18     0    1.608485e+01    3.206515e+00    0.000000e+00    0.000000e+00
    18     1   -1.814296e+00    3.508851e-01   -1.148668e+00    2.802586e-01
    18     2   -8.273408e-02    1.916684e-02   -8.057517e-02    1.869802e-02
    18     3    7.427680e-03    9.205116e-04    3.381431e-03    9.648401e-04
    18     4    3.946805e-04    5.793985e-05   -2.296806e-05    5.425520e-05
    18     5    6.344565e-06    2.930705e-06   -2.438495e-05    3.206047e-06
    18     6    3.550552e-07    1.657432e-07    4.504159e-07    1.637237e-07
    18     7   -1.080827e-07    1.072273e-08   -6.970395e-08    1.099786e-08
    18     8   -5.924026e-09    5.804817e-10    3.630201e-09    6.103505e-10
    18     9    5.571977e-11    3.363953e-11    1.362702e-10    3.354697e-11
    18    10   -5.192618e-12    2.318101e-12   -1.867614e-11    2.345508e-12
    18    11    1.132642e-13    1.661438e-13    8.587049e-13    1.550813e-13
    18    12    4.489587e-14    1.014267e-14    4.356589e-14    9.851495e-15
    18    13    3.453287e-15    6.571574e-16   -3.920337e-16    6.403229e-16
    18    14    8.417348e-16    4.515324e-17    9.679970e-17    4.657142e-17
    18    15   -2.501180e-17    3.523560e-18    7.556821e-19    3.591861e-18
    18    16   -1.283905e-19    3.097494e-19    6.092348e-18    3.021316e-19
    18    17    1.036140e-20    3.132165e-20    4.314269e-19    3.084194e-20
    18    18   -9.042847e-20    3.968322e-21   -6.904233e-21    4.065726e-21
    19     0    3.703341e+01    3.243181e+00    0.000000e+00    0.000000e+00
    19     1   -1.342679e+00    3.556833e-01    1.084885e+00    2.818587e-01
    19     2   -1.422028e-03    1.752325e-02    6.644516e-02    1.620530e-02
    19     3    2.049371e-03    8.387126e-04   -1.157685e-02    9.004589e-04
    19     4    2.286193e-05    4.587000e-05    2.665727e-04    4.275866e-05
    19     5   -4.747614e-06    2.441809e-06   -2.051225e-05    2.583582e-06
    19     6   -5.253689e-07    1.239282e-07   -3.191913e-07    1.200708e-07
    19     7    2.492246e-08    7.144348e-09   -5.177444e-08    7.261530e-09
    19     8   -2.530304e-09    4.141812e-10    2.434059e-09    4.274827e-10
    19     9    1.479321e-10    2.017420e-11    7.690172e-11    2.144720e-11
    19    10    3.754475e-12    1.263891e-12   -4.724755e-12    1.253881e-12
    19    11   -1.557768e-13    8.429454e-14   -2.040611e-14    8.467527e-14
    19    12   -1.076835e-14    5.366877e-15   -1.245809e-14    5.162853e-15
    19    13    1.295272e-15    3.172222e-16    1.721826e-16    3.129446e-16
    19    14    5.389823e-17    1.948914e-17   -7.265067e-17    2.018013e-17
    19    15    8.206486e-18    1.375491e-18   -2.601132e-17    1.374128e-18
    19    16   -4.310790e-19    1.037689e-19   -1.160817e-19    1.040204e-19
    19    17    7.003465e-20    8.827022e-21    9.368784e-20    8.526760e-21
    19    18    3.953702e-22    8.645099e-22    1.294254e-20    8.618907e-22
    19    19   -5.243416e-22    1.084573e-22    1.592547e-21    1.099157e-22
    20     0    1.057814e+01    3.086074e+00    0.000000e+00    0.000000e+00
    20     1    2.548052e-01    3.688323e-01    1.226096e-01    2.738325e-01
    20     2    1.648247e-02    1.447590e-02    1.711834e-01    1.497915e-02
    20     3    1.317997e-03    7.735283e-04   -3.604193e-03    7.793652e-04
    20     4   -2.273104e-04    3.584849e-05   -4.615454e-05    3.629976e-05
    20     5    3.989208e-06    1.956433e-06   -2.574760e-06    1.867691e-06
    20     6   -6.411380e-08    9.591874e-08    2.829888e-07    9.837322e-08
    20     7    2.310354e-09    4.711055e-09    5.524899e-09    4.732135e-09
    20     8    1.787936e-10    2.784238e-10   -9.018314e-12    2.813495e-10
    20     9    2.715957e-11    1.355241e-11   -6.590737e-11    1.463053e-11
    20    10   -4.556543e-14    6.951893e-13    2.202190e-12    7.249870e-13
    20    11    1.530711e-13    4.348715e-14   -7.926502e-14    4.451869e-14
    20    12    1.601641e-14    2.709270e-15   -5.619612e-15    2.734793e-15
    20    13    4.793423e-16    1.612000e-16    9.551340e-16    1.586149e-16
    20    14   -5.129656e-17    8.978222e-18   -3.997819e-17    9.266396e-18
    20    15   -1.711187e-18    5.605860e-19   -5.063821e-18    5.667871e-19
    20    16   -1.923355e-19    3.801289e-20   -1.431151e-19    3.796646e-20
    20    17    1.660042e-20    2.838923e-21    1.208252e-20    2.772145e-21
    20    18    3.511355e-21    2.313048e-22   -1.568034e-21    2.316972e-22
    20    19    3.503105e-22    2.234154e-23    2.152306e-22    2.302354e-23
    20    20    3.303384e-23    2.886442e-24    5.247827e-23    2.743549e-24
    21     0    1.653483e+01    3.282006e+00    0.000000e+00    0.000000e+00
    21     1    3.591206e-01    3.490689e-01   -8.286759e-01    2.635806e-01
    21     2   -1.382547e-02    1.384234e-02    8.207220e-02    1.482234e-02
    21     3    9.927545e-04    6.728172e-04    2.115680e-03    6.548479e-04
    21     4   -1.804314e-05    3.122612e-05    1.025084e-04    3.289070e-05
    21     5    5.594972e-06    1.512130e-06    4.200447e-06    1.417783e-06
    21     6   -4.206804e-07    7.513701e-08   -2.336426e-08    7.747956e-08
    21     7   -1.351157e-08    3.500211e-09    6.987133e-09    3.478153e-09
    21     8    6.049253e-10    1.788226e-10   -2.681146e-10    1.782979e-10
    21     9   -2.107448e-11    9.655179e-12    1.265766e-11    9.770421e-12
    21    10   -3.716054e-14    4.313242e-13   -1.608648e-12    4.758504e-13
    21    11   -4.682438e-14    2.323730e-14   -1.054485e-13    2.427188e-14
    21    12    7.982030e-15    1.378292e-15    6.295382e-15    1.472283e-15
    21    13    5.513408e-16    8.230326e-17    3.351637e-16    8.494912e-17
    21    14    2.226680e-17    4.378038e-18   -5.625052e-18    4.682158e-18
    21    15   -3.192498e-19    2.470556e-19    5.810257e-19    2.591725e-19
    21    16    1.081240e-19    1.552363e-20    8.143912e-20    1.530629e-20
    21    17   -4.470746e-22    1.013220e-21   -9.197443e-21    1.020101e-21
    21    18   -2.062257e-22    7.343028e-23   -1.513958e-22    7.299197e-23
    21    19   -1.535896e-23    5.871780e-24   -1.345214e-23    5.944410e-24
    21    20   -2.126698e-24    5.666289e-25    5.362044e-24    5.671801e-25
    21    21    1.135086e-24    7.062919e-26    1.404275e-25    6.787697e-26
    22     0   -1.687523e+01    3.442933e+00    0.000000e+00    0.000000e+00
    22     1    1.177262e+00    3.207633e-01    3.296933e-01    2.561621e-01
    22     2   -1.540459e-02    1.366884e-02   -4.269133e-02    1.365965e-02
    22     3   -8.972746e-04    5.731447e-04   -2.418201e-03    5.857634e-04
    22     4   -1.125370e-04    2.754048e-05    2.558823e-05    2.705307e-05
    22     5   -1.955198e-06    1.175182e-06    3.952371e-06    1.234353e-06
    22     6   -1.981756e-07    5.814147e-08   -7.207554e-08    5.471528e-08
    22     7    4.128563e-09    2.653053e-09    6.242099e-10    2.680040e-09
    22     8    1.031142e-10    1.179750e-10   -3.168740e-10    1.197709e-10
    22     9   -1.655642e-12    6.365928e-12   -4.160426e-12    6.177957e-12
    22    10    1.246530e-12    2.923525e-13   -1.953110e-12    3.155689e-13
    22    11    4.341926e-15    1.361100e-14   -1.014255e-13    1.356134e-14
    22    12   -1.844681e-15    7.114146e-16    2.409599e-15    7.615420e-16
    22    13    1.740091e-17    4.127196e-17   -8.202741e-17    4.311403e-17
    22    14    1.110165e-17    2.165186e-18   -5.449515e-18    2.385733e-18
    22    15    2.225928e-19    1.149816e-19   -4.203674e-19    1.240360e-19
    22    16   -9.631861e-21    6.508992e-21   -1.661669e-20    6.536995e-21
    22    17   -2.250478e-22    3.927198e-22    4.154750e-22    3.975406e-22
    22    18   -1.957076e-22    2.546610e-23    1.695527e-23    2.557189e-23
    22    19   -7.987685e-24    1.804801e-24    1.570801e-23    1.818926e-24
    22    20    1.937182e-25    1.430985e-25   -1.646837e-24    1.426891e-25
    22    21    4.481519e-26    1.380795e-26    1.931241e-27    1.321507e-26
    22    22    2.420983e-26    1.627058e-27   -4.353229e-27    1.609017e-27
    23     0    1.197639e+00    3.421990e+00    0.000000e+00    0.000000e+00
    23     1    2.254163e+00    3.351519e-01   -1.453116e-01    2.596585e-01
    23     2    7.523513e-03    1.267664e-02   -2.627574e-02    1.207414e-02
    23     3    3.940857e-05    5.254475e-04   -3.107732e-03    5.669026e-04
    23     4    4.668568e-05    2.345316e-05    2.902019e-05    2.173034e-05
    23     5    3.686595e-06    9.919111e-07    4.976484e-07    1.064468e-06
    23     6    1.309037e-07    4.452614e-08    9.263721e-08    4.195548e-08
    23     7    2.627253e-09    2.030237e-09    4.378657e-09    2.032385e-09
    23     8   -2.685418e-10    8.596486e-11   -1.775621e-10    8.729510e-11
    23     9   -1.485986e-11    4.025395e-12   -9.579521e-12    3.994696e-12
    23    10    9.047748e-14    2.018732e-13   -1.484916e-13    2.015732e-13
    23    11    6.043373e-15    8.755735e-15   -2.791363e-15    8.739145e-15
    23    12   -6.739495e-16    4.075095e-16   -1.830780e-15    3.955947e-16
    23    13    2.952273e-17    2.108292e-17   -5.299553e-19    2.320918e-17
    23    14    1.617182e-18    1.100101e-18    7.572313e-19    1.222620e-18
    23    15    3.329991e-20    5.668017e-20    4.046084e-20    6.336294e-20
    23    16    4.556631e-21    2.947140e-21   -8.847526e-22    3.111312e-21
    23    17    3.377268e-22    1.636798e-22   -3.519635e-22    1.648712e-22
    23    18   -3.885486e-23    9.710541e-24   -1.014567e-23    9.868284e-24
    23    19    2.133031e-24    6.169698e-25   -1.013029e-24    6.210214e-25
    23    20    2.153796e-26    4.308951e-26   -3.240559e-26    4.288830e-26
    23    21   -3.150090e-26    3.347468e-27   -4.981676e-26    3.281842e-27
    23    22    1.163445e-29    3.102508e-28   -1.210208e-27    3.058610e-28
    23    23   -1.144248e-28    3.565895e-29    2.401841e-28    3.689887e-29
    24     0    8.578777e+00    3.361472e+00    0.000000e+00    0.000000e+00
    24     1   -1.905650e-01    3.298561e-01    6.155865e-01    2.546663e-01
    24     2   -3.440145e-02    1.112870e-02   -1.664455e-04    1.142471e-02
    24     3   -2.131529e-03    4.892933e-04   -1.622793e-03    4.943135e-04
    24     4    3.092106e-05    1.939994e-05    1.637016e-05    1.897127e-05
    24     5    1.136266e-07    8.343210e-07   -1.954594e-06    8.165448e-07
    24     6   -9.434907e-08    3.394884e-08   -5.181267e-08    3.544649e-08
    24     7    3.224501e-09    1.490717e-09    8.965451e-09    1.432616e-09
    24     8    1.739839e-12    6.419025e-11    3.540023e-10    6.538094e-11
    24     9    2.944571e-12    2.567642e-12    3.671881e-12    2.726880e-12
    24    10   -1.010028e-13    1.273791e-13    1.024884e-13    1.254821e-13
    24    11   -1.068841e-14    5.751692e-15   -7.269150e-15    5.749656e-15
    24    12   -3.693573e-17    2.474090e-16   -4.779383e-16    2.277580e-16
    24    13   -6.684495e-18    1.113703e-17    1.776491e-18    1.141620e-17
    24    14   -2.611241e-19    5.767259e-19    3.425368e-18    6.214136e-19
    24    15    7.654452e-20    2.862163e-20   -1.720092e-19    3.086009e-20
    24    16    3.019428e-21    1.398205e-21    3.205203e-22    1.496912e-21
    24    17   -1.492044e-22    7.342385e-23    4.501779e-22    7.350410e-23
    24    18   -8.906528e-25    3.885983e-24   -1.158175e-24    3.939964e-24
    24    19    4.509231e-25    2.314400e-25    1.578071e-24    2.283535e-25
    24    20   -2.296187e-26    1.422312e-26   -3.461235e-26    1.421574e-26
    24    21   -4.382185e-27    9.742594e-28   -4.140415e-28    9.555564e-28
    24    22    3.500696e-28    7.357233e-29    3.252975e-28    7.281086e-29
    24    23    1.544353e-29    6.647720e-30    9.258855e-30    6.780885e-30
    24    24    4.937491e-30    7.623482e-31   -7.522062e-30    7.887118e-31
    25     0    1.821948e+01    3.559828e+00    0.000000e+00    0.000000e+00
    25     1   -9.429185e-01    3.077938e-01    1.249255e+00    2.441829e-01
    25     2   -1.360910e-02    1.062352e-02    4.152926e-02    1.153964e-02
    25     3    3.928064e-04    4.375078e-04   -1.383397e-03    4.130760e-04
    25     4    1.198064e-05    1.707025e-05    5.752134e-06    1.777350e-05
    25     5    2.359563e-06    6.764002e-07   -2.364300e-06    6.445448e-07
    25     6   -2.253085e-08    2.814420e-08    1.742333e-08    2.865617e-08
    25     7    1.617535e-09    1.122251e-09    2.560179e-09    1.096525e-09
    25     8   -5.789157e-11    4.671686e-11   -1.770027e-11    4.728030e-11
    25     9    4.615824e-12    1.876183e-12    4.470034e-12    1.951315e-12
    25    10   -1.475871e-13    7.872233e-14   -8.355880e-15    8.072741e-14
    25    11   -9.661818e-15    3.718569e-15   -4.148026e-15    3.734525e-15
    25    12   -2.840881e-16    1.573960e-16    5.992231e-16    1.505033e-16
    25    13   -7.637894e-18    6.388505e-18    3.168899e-18    6.253710e-18
    25    14    5.350719e-19    2.977210e-19   -2.869573e-19    3.171646e-19
    25    15    4.622341e-20    1.502058e-20   -7.304376e-21    1.631934e-20
    25    16   -1.144347e-21    6.914107e-22   -2.409320e-21    7.468802e-22
    25    17   -1.532459e-22    3.445109e-23   -1.303305e-23    3.470549e-23
    25    18   -9.844067e-24    1.756640e-24   -7.575447e-24    1.684534e-24
    25    19   -5.381572e-25    9.101516e-26   -1.763016e-25    9.004334e-26
    25    20    1.153471e-26    5.217742e-27    3.056855e-26    5.211274e-27
    25    21    1.154351e-27    3.185194e-28    7.842979e-29    3.111339e-28
    25    22    3.458652e-29    2.114110e-29    2.515690e-29    2.067506e-29
    25    23   -7.084405e-31    1.567399e-30   -4.537848e-30    1.550671e-30
    25    24   -6.160733e-31    1.422060e-31    1.105407e-30    1.384930e-31
    25    25    1.615113e-31    1.644624e-32   -5.552638e-32    1.546880e-32
    26     0    6.000336e+00    3.655947e+00    0.000000e+00    0.000000e+00
    26     1   -9.211783e-02    2.953067e-01    3.262407e-01    2.392046e-01
    26     2   -1.269625e-02    1.023344e-02    3.148364e-02    1.075276e-02
    26     3    1.538837e-03    3.894238e-04   -1.599058e-04    3.853303e-04
    26     4   -8.459302e-05    1.491587e-05    2.724607e-05    1.512782e-05
    26     5   -2.102829e-06    5.710419e-07    9.935605e-07    5.631768e-07
    26     6    8.372542e-09    2.231732e-08    3.058755e-08    2.155016e-08
    26     7   -2.448806e-10    8.729036e-10    6.849566e-10    8.988297e-10
    26     8    8.462148e-11    3.378881e-11   -3.550497e-11    3.342227e-11
    26     9    5.979554e-13    1.406735e-12   -4.343533e-12    1.377934e-12
    26    10    1.102588e-13    5.322367e-14    7.137277e-14    5.470713e-14
    26    11    9.599609e-17    2.287289e-15    2.447705e-15    2.282808e-15
    26    12   -9.147188e-17    9.973383e-17    3.141448e-16    1.002237e-16
    26    13   -2.749647e-18    3.883713e-18   -7.764501e-19    3.782405e-18
    26    14    1.277197e-19    1.571457e-19   -1.311452e-19    1.665407e-19
    26    15   -2.248530e-20    7.682706e-21   -2.964348e-21    8.055191e-21
    26    16   -4.879603e-22    3.559687e-22   -2.782622e-22    3.827286e-22
    26    17    1.161073e-23    1.659606e-23   -4.167245e-23    1.625257e-23
    26    18    3.144333e-24    7.899187e-25   -9.683916e-25    7.615737e-25
    26    19    3.185373e-27    3.862258e-26    3.939464e-27    3.761385e-26
    26    20    5.881219e-27    2.001336e-27   -6.778421e-27    1.969712e-27
    26    21   -2.413798e-28    1.121341e-28   -9.995594e-29    1.115806e-28
    26    22   -2.892868e-29    6.712799e-30    3.709566e-29    6.534413e-30
    26    23    5.033960e-31    4.423366e-31    2.018051e-31    4.248615e-31
    26    24   -8.640474e-32    3.269789e-32    1.252309e-31    3.081441e-32
    26    25   -1.794564e-32    2.862587e-33    1.163807e-32    2.760388e-33
    26    26    2.681934e-33    3.171883e-34    4.790914e-33    3.119154e-34
    27     0    9.953799e+00    3.721854e+00    0.000000e+00    0.000000e+00
    27     1    5.975140e-01    2.993572e-01    3.044791e-01    2.403802e-01
    27     2   -2.785369e-03    9.776408e-03   -1.768744e-03    9.812202e-03
    27     3    4.876502e-04    3.543361e-04   -1.448126e-04    3.661761e-04
    27     4    1.814940e-06    1.334257e-05    2.005768e-05    1.257766e-05
    27     5   -2.510283e-07    4.759307e-07    1.634835e-06    5.005317e-07
    27     6    3.269194e-08    1.822007e-08   -3.965513e-08    1.712544e-08
    27     7    1.642491e-10    6.907075e-10   -1.562717e-09    6.901463e-10
    27     8    4.468870e-11    2.615965e-11    5.591561e-11    2.598297e-11
    27     9   -3.067730e-13    9.745531e-13   -1.473079e-12    9.866853e-13
    27    10    9.657230e-14    3.862408e-14   -1.548783e-14    3.888355e-14
    27    11    3.496841e-15    1.495830e-15   -1.128964e-15    1.445357e-15
    27    12    7.675861e-17    6.273208e-17    3.031397e-17    6.234775e-17
    27    13   -1.636191e-18    2.499851e-18   -1.430977e-19    2.492048e-18
    27    14   -1.051088e-19    9.221625e-20    2.954104e-20    9.411205e-20
    27    15   -1.563208e-20    3.990607e-21    1.012261e-21    4.210995e-21
    27    16   -2.063755e-22    1.835919e-22   -4.537775e-23    1.958431e-22
    27    17   -2.783145e-23    8.406074e-24   -2.510383e-23    8.566733e-24
    27    18   -7.743019e-25    3.746411e-25    1.025882e-24    3.568635e-25
    27    19    3.004133e-26    1.749526e-26   -2.580206e-26    1.671293e-26
    27    20   -1.666905e-27    8.319788e-28   -1.246676e-27    8.191333e-28
    27    21    1.975118e-28    4.099349e-29    9.432067e-29    4.301394e-29
    27    22   -1.947040e-30    2.326855e-30   -2.278039e-30    2.322911e-30
    27    23    5.703457e-31    1.368099e-31    3.265711e-31    1.332444e-31
    27    24    3.924972e-32    9.111955e-33    5.086425e-33    8.231592e-33
    27    25   -2.867980e-33    6.446836e-34   -2.101894e-34    6.030196e-34
    27    26    4.887669e-34    5.455463e-35   -1.409649e-34    5.389450e-35
    27    27   -2.503200e-35    5.917531e-36   -2.087921e-35    6.040237e-36
    28     0    2.449534e+00    3.755319e+00    0.000000e+00    0.000000e+00
    28     1   -5.475232e-01    2.909395e-01   -7.414569e-02    2.350712e-01
    28     2    1.874239e-02    9.077445e-03   -5.563454e-04    9.322303e-03
    28     3    7.507606e-04    3.246538e-04   -4.759128e-04    3.280275e-04
    28     4    1.448263e-05    1.160397e-05   -1.472780e-05    1.131622e-05
    28     5   -1.789585e-06    3.928787e-07   -2.304101e-07    4.172884e-07
    28     6    1.047587e-08    1.480646e-08    1.578664e-08    1.452751e-08
    28     7   -9.509250e-10    5.435953e-10   -1.079683e-09    5.105238e-10
    28     8   -5.692555e-12    2.014916e-11    2.479980e-11    2.010786e-11
    28     9   -4.384747e-13    6.969144e-13    7.794875e-13    7.230390e-13
    28    10   -2.962188e-14    2.711701e-14    2.230649e-15    2.632626e-14
    28    11   -3.567079e-15    1.023659e-15   -7.487146e-16    9.887451e-16
    28    12    1.255100e-16    3.874423e-17   -4.103392e-17    3.754196e-17
    28    13    1.087193e-18    1.533242e-18    3.239528e-18    1.574865e-18
    28    14   -3.365543e-20    5.844185e-20    1.197559e-20    5.753735e-20
    28    15    4.487851e-21    2.154830e-21   -2.270125e-22    2.240551e-21
    28    16   -5.205661e-23    9.561094e-23    4.813003e-22    9.959792e-23
    28    17   -3.279120e-25    4.254757e-24   -1.215994e-23    4.349845e-24
    28    18   -2.174152e-25    1.830123e-25   -2.145820e-25    1.770689e-25
    28    19   -1.502170e-26    7.940677e-27   -1.743474e-27    7.688337e-27
    28    20    6.255846e-28    3.650073e-28   -3.292273e-28    3.583133e-28
    28    21   -1.551454e-29    1.681871e-29    5.681031e-29    1.714384e-29
    28    22    3.138959e-30    8.372708e-31    2.349286e-30    8.617694e-31
    28    23    1.052472e-31    4.613993e-32    6.599819e-32    4.616757e-32
    28    24   -4.742302e-34    2.753655e-33    3.846800e-33    2.506502e-33
    28    25    9.433518e-34    1.746701e-34   -2.222639e-34    1.567190e-34
    28    26   -1.451607e-35    1.189050e-35    5.483480e-35    1.157238e-35
    28    27   -7.988935e-36    1.024023e-36   -2.062696e-37    9.894281e-37
    28    28   -2.815769e-37    1.103773e-37    1.076345e-36    1.083266e-37
    29     0    1.010941e+01    3.875401e+00    0.000000e+00    0.000000e+00
    29     1   -5.295272e-01    2.851260e-01   -6.366131e-02    2.274626e-01
    29     2   -2.419858e-03    8.628854e-03   -9.820745e-03    9.138215e-03
    29     3   -1.214456e-04    2.975277e-04   -6.168277e-04    2.924819e-04
    29     4    1.561272e-05    1.030720e-05    1.860691e-05    1.038351e-05
    29     5   -6.202497e-07    3.456252e-07   -9.981830e-07    3.453147e-07
    29     6    1.182835e-08    1.190431e-08   -2.987605e-08    1.244955e-08
    29     7   -1.026937e-10    4.232095e-10   -2.635826e-10    4.223357e-10
    29     8    2.143990e-11    1.575951e-11   -5.073611e-12    1.473141e-11
    29     9   -3.793036e-13    5.365731e-13   -9.385481e-13    5.484848e-13
    29    10    1.406746e-14    1.850759e-14    8.718579e-15    1.895052e-14
    29    11    7.988547e-16    7.211927e-16    1.220261e-15    6.813534e-16
    29    12   -4.877541e-17    2.595149e-17   -5.086726e-18    2.430029e-17
    29    13   -3.420596e-19    9.435992e-19    2.053742e-18    9.625011e-19
    29    14    3.032118e-20    3.676349e-20   -9.534965e-20    3.749694e-20
    29    15    2.571165e-21    1.294666e-21   -3.179344e-21    1.325096e-21
    29    16    1.767735e-23    5.036597e-23    2.776434e-23    5.177840e-23
    29    17    8.521766e-25    2.208153e-24    7.198727e-25    2.281997e-24
    29    18    3.922235e-25    9.274791e-26   -1.069023e-26    9.159790e-26
    29    19   -6.458203e-27    3.849632e-27    9.859659e-27    3.740513e-27
    29    20   -1.515988e-28    1.633686e-28    3.608001e-28    1.611537e-28
    29    21    5.900722e-30    7.244845e-30   -1.682825e-29    7.371907e-30
    29    22   -8.101096e-31    3.286168e-31    7.730908e-31    3.440495e-31
    29    23   -4.045955e-32    1.687597e-32   -6.011589e-32    1.641173e-32
    29    24   -1.149353e-33    9.081429e-34    1.891440e-33    8.655298e-34
    29    25    1.940989e-34    5.186785e-35    1.065572e-34    4.708097e-35
    29    26    5.234140e-37    3.076318e-36   -8.155647e-36    3.062620e-36
    29    27    4.355103e-37    2.189585e-37    8.551157e-37    2.087792e-37
    29    28    6.756499e-38    1.795775e-38   -5.324486e-38    1.806880e-38
    29    29    8.096758e-39    1.893935e-39    2.058965e-38    1.969625e-39
    30     0   -4.997486e-01    3.872685e+00    0.000000e+00    0.000000e+00
    30     1    1.152251e-01    2.863139e-01    2.987721e-01    2.282185e-01
    30     2   -1.631132e-03    8.080408e-03   -9.499643e-03    8.484872e-03
    30     3    1.991675e-04    2.779502e-04   -1.230446e-03    2.746462e-04
    30     4    1.085556e-05    8.971639e-06    9.500586e-06    9.038743e-06
    30     5    6.337347e-07    3.119971e-07   -1.533863e-07    2.974307e-07
    30     6   -3.569989e-09    9.613926e-09    2.776142e-09    1.008041e-08
    30     7    2.037590e-10    3.347223e-10   -3.049503e-10    3.531507e-10
    30     8   -6.252454e-12    1.180214e-11   -9.692780e-12    1.133724e-11
    30     9   -2.822528e-13    4.160510e-13    8.307985e-13    4.005547e-13
    30    10    8.488520e-16    1.345343e-14   -4.588465e-15    1.379673e-14
    30    11    5.237443e-16    4.859333e-16   -1.380725e-16    4.618077e-16
    30    12   -2.880207e-17    1.783748e-17    9.488469e-18    1.629792e-17
    30    13    1.510179e-18    5.982265e-19   -3.128618e-19    5.921572e-19
    30    14    2.295426e-20    2.208892e-20    1.418822e-21    2.304937e-20
    30    15    2.166590e-22    8.062259e-22    1.699662e-21    8.329972e-22
    30    16    9.347894e-23    2.813079e-23   -3.018515e-23    2.863112e-23
    30    17    5.035613e-24    1.135132e-24    1.071367e-24    1.160892e-24
    30    18    8.556734e-26    4.721937e-26    8.289750e-26    4.789938e-26
    30    19    2.752091e-27    1.906756e-27   -2.081955e-27    1.850459e-27
    30    20    1.072211e-28    7.640492e-29    2.346026e-28    7.579050e-29
    30    21   -5.723500e-30    3.204588e-30   -2.076628e-30    3.238967e-30
    30    22    1.726571e-31    1.401225e-31   -2.847804e-31    1.427936e-31
    30    23   -2.067720e-32    6.405962e-33    3.001989e-33    6.334970e-33
    30    24    3.875381e-34    3.196400e-34   -5.669511e-34    3.045194e-34
    30    25    1.218117e-35    1.699759e-35    4.277774e-35    1.552064e-35
    30    26   -2.463776e-36    8.877617e-37    4.760441e-37    8.984940e-37
    30    27    6.325876e-38    5.433743e-38    6.008314e-38    5.506779e-38
    30    28    8.902321e-39    3.731533e-39   -5.634132e-39    3.766344e-39
    30    29    5.056464e-40    3.038464e-40    7.436067e-40    3.187492e-40
    30    30   -6.736184e-41    3.264552e-41    2.857044e-40    3.319746e-41
    31     0   -6.633479e+00    3.877029e+00    0.000000e+00    0.000000e+00
    31     1    2.124787e-01    2.872641e-01    5.237012e-01    2.287928e-01
    31     2    1.132046e-02    7.786115e-03    2.570748e-03    7.896046e-03
    31     3   -1.544664e-04    2.580349e-04   -4.878176e-04    2.580193e-04
    31     4   -8.200942e-06    8.020084e-06    1.601389e-05    8.077781e-06
    31     5    1.811034e-07    2.676830e-07    6.868146e-07    2.640082e-07
    31     6    1.799847e-09    8.478359e-09    9.688067e-09    8.243066e-09
    31     7    2.514572e-10    2.689793e-10    2.248272e-10    2.751379e-10
    31     8    1.534876e-11    9.251083e-12   -2.015013e-11    9.348433e-12
    31     9    2.922741e-13    3.077192e-13    5.159017e-13    2.967668e-13
    31    10   -2.903274e-16    1.034305e-14    2.674873e-14    1.027350e-14
    31    11    2.338212e-16    3.350076e-16   -1.882008e-16    3.267360e-16
    31    12    1.253419e-17    1.185995e-17   -9.142791e-18    1.132026e-17
    31    13    5.504195e-19    4.095120e-19    6.768976e-19    3.858614e-19
    31    14   -7.435414e-21    1.355110e-20   -4.194734e-21    1.400874e-20
    31    15   -8.395590e-22    4.958749e-22   -9.433958e-22    5.255240e-22
    31    16    1.666588e-23    1.718212e-23    8.590118e-24    1.761596e-23
    31    17    2.614748e-25    6.053034e-25    4.439578e-25    6.071483e-25
    31    18   -5.386759e-26    2.438126e-26    5.428248e-26    2.493326e-26
    31    19   -1.577324e-27    9.848885e-28    1.390862e-27    9.537572e-28
    31    20   -4.852634e-29    3.733121e-29    1.154173e-28    3.703936e-29
    31    21   -5.081997e-30    1.489055e-30    8.056686e-30    1.489719e-30
    31    22    6.700356e-32    6.098008e-32    2.307949e-32    6.283316e-32
    31    23    1.429139e-32    2.626224e-33    5.135621e-33    2.661075e-33
    31    24   -1.096002e-34    1.223684e-34   -4.331097e-34    1.132062e-34
    31    25    3.400592e-36    5.879008e-36   -6.964587e-36    5.454935e-36
    31    26    9.123586e-37    2.871747e-37    9.754456e-37    2.934928e-37
    31    27   -6.717611e-38    1.517742e-38   -5.305551e-38    1.613529e-38
    31    28   -7.720309e-40    9.573312e-40   -1.063341e-39    9.357593e-40
    31    29    3.328410e-41    6.194624e-41    1.223174e-40    6.576774e-41
    31    30    4.941003e-42    5.245376e-42    1.232946e-41    5.176233e-42
    31    31    3.271024e-42    5.406309e-43   -4.683126e-43    5.464998e-43
    32     0   -2.337723e-02    4.102201e+00    0.000000e+00    0.000000e+00
    32     1    5.815725e-02    2.690169e-01    6.871355e-01    2.202972e-01
    32     2    1.700781e-03    7.605125e-03   -1.938494e-02    7.903953e-03
    32     3   -1.912645e-04    2.285836e-04    3.859291e-04    2.319779e-04
    32     4    2.712701e-05    7.543428e-06    4.486169e-06    7.329545e-06
    32     5    9.458697e-08    2.197203e-07   -1.951155e-07    2.250508e-07
    32     6   -7.687838e-09    7.496973e-09   -9.601521e-09    7.047787e-09
    32     7   -1.324832e-10    2.211277e-10    4.031081e-10    2.133508e-10
    32     8   -1.135527e-12    7.226019e-12   -5.022425e-13    7.413118e-12
    32     9    1.587270e-13    2.303240e-13    1.540898e-13    2.335571e-13
    32    10   -1.638422e-14    7.593709e-15    1.256700e-14    7.354615e-15
    32    11   -5.571230e-17    2.478108e-16   -4.781708e-16    2.373953e-16
    32    12   -1.036275e-17    7.835230e-18   -3.035140e-18    7.565811e-18
    32    13   -2.312186e-19    2.718591e-19    3.737414e-19    2.598118e-19
    32    14    1.454883e-20    8.688387e-21   -1.657834e-20    8.834947e-21
    32    15    1.724735e-23    2.921663e-22    1.798071e-22    3.154179e-22
    32    16   -4.258748e-25    1.042665e-23    7.956177e-24    1.089827e-23
    32    17   -1.220950e-24    3.536830e-25   -3.147905e-25    3.481041e-25
    32    18    1.044942e-26    1.252104e-26    1.822100e-26    1.253632e-26
    32    19   -1.426531e-27    4.988426e-28   -1.288533e-27    4.952139e-28
    32    20   -9.433362e-30    1.865725e-29    1.437145e-29    1.848681e-29
    32    21    6.596101e-31    7.084525e-31   -5.974952e-31    6.985718e-31
    32    22   -5.965203e-32    2.723316e-32    4.348108e-32    2.827307e-32
    32    23    1.237423e-33    1.119296e-33   -3.113008e-33    1.139814e-33
    32    24   -1.318791e-34    4.937973e-35   -4.784992e-35    4.598160e-35
    32    25   -5.662828e-36    2.132431e-36    5.174281e-36    2.037748e-36
    32    26    2.675456e-37    9.888036e-38    3.831075e-37    9.904669e-38
    32    27   -1.265348e-38    4.815196e-39    4.598445e-39    5.130146e-39
    32    28    1.097221e-39    2.660585e-40   -8.124668e-40    2.630906e-40
    32    29    6.233816e-42    1.578834e-41    1.306695e-41    1.575610e-41
    32    30    1.544315e-42    1.074948e-42    8.167129e-43    1.017325e-42
    32    31    8.417982e-44    8.195758e-44    1.776864e-44    8.636558e-44
    32    32    2.163371e-44    8.423287e-45   -4.519160e-44    8.936907e-45
    33     0    5.916304e+00    4.307311e+00    0.000000e+00    0.000000e+00
    33     1   -2.128936e-01    2.571523e-01    1.049639e-01    2.088953e-01
    33     2    4.701204e-03    7.349603e-03    5.971191e-04    7.974123e-03
    33     3   -1.018411e-04    2.094600e-04    1.444564e-04    2.116583e-04
    33     4    6.319809e-06    6.761345e-06   -4.107433e-06    6.880429e-06
    33     5   -3.791647e-08    1.969683e-07   -2.979934e-07    1.939661e-07
    33     6    5.047532e-09    6.162233e-09    1.470215e-08    6.121355e-09
    33     7   -1.750439e-10    1.881123e-10    4.814212e-11    1.813721e-10
    33     8    7.554717e-12    5.691786e-12   -8.473045e-12    5.454791e-12
    33     9    4.807480e-14    1.819467e-13   -1.006674e-13    1.872756e-13
    33    10   -7.238793e-15    5.575768e-15   -3.120096e-15    5.396428e-15
    33    11    2.530205e-17    1.811339e-16    1.360554e-16    1.739703e-16
    33    12    8.324374e-18    5.618122e-18    7.461594e-18    5.372694e-18
    33    13   -8.802639e-20    1.747758e-19   -1.155849e-19    1.750690e-19
    33    14    1.093903e-20    5.811085e-21   -9.332463e-21    5.869142e-21
    33    15   -9.151658e-23    1.828383e-22    2.330488e-23    1.913897e-22
    33    16    4.109977e-25    6.256696e-24    1.561644e-24    6.645008e-24
    33    17   -2.932372e-25    2.146350e-25   -3.741959e-25    2.151300e-25
    33    18    1.279192e-26    7.112723e-27    2.290958e-26    6.826300e-27
    33    19    3.312857e-29    2.531845e-28   -4.007778e-28    2.519055e-28
    33    20    6.330875e-30    9.735683e-30    5.080634e-30    9.564614e-30
    33    21    1.654408e-31    3.493479e-31   -4.117338e-31    3.459441e-31
    33    22   -8.920159e-33    1.281382e-32   -6.102470e-33    1.319758e-32
    33    23   -1.682569e-35    4.980270e-34   -3.036051e-34    5.133380e-34
    33    24    8.323458e-35    2.068591e-35   -2.959924e-36    1.940269e-35
    33    25    9.333164e-37    8.642325e-37    1.839238e-36    8.032847e-37
    33    26   -9.641772e-39    3.495950e-38    2.072693e-38    3.679570e-38
    33    27    7.567646e-40    1.613643e-39   -5.388155e-39    1.752891e-39
    33    28    1.443946e-40    8.486527e-41   -8.406225e-41    8.104617e-41
    33    29   -1.533939e-42    4.391442e-42    8.675437e-42    4.309612e-42
    33    30   -2.647976e-43    2.597471e-43   -6.108755e-44    2.507540e-43
    33    31   -7.104683e-44    1.683576e-44    3.112480e-44    1.645154e-44
    33    32   -3.893307e-45    1.247385e-45    4.894842e-45    1.389139e-45
    33    33    7.963467e-46    1.339744e-46    1.084165e-46    1.345514e-46
    34     0    8.712323e+00    4.288024e+00    0.000000e+00    0.000000e+00
    34     1   -1.193349e-01    2.614345e-01   -1.195941e-01    2.127141e-01
    34     2   -5.683294e-03    6.981534e-03    7.493498e-04    7.276235e-03
    34     3   -1.774736e-04    2.119404e-04   -3.395716e-04    1.994156e-04
    34     4    4.705297e-07    5.594674e-06    8.008782e-06    6.261647e-06
    34     5   -7.448969e-08    1.873038e-07    7.191041e-08    1.772934e-07
    34     6    1.243908e-08    4.970312e-09    4.603821e-09    5.096529e-09
    34     7   -6.161182e-11    1.625988e-10   -4.998179e-11    1.555479e-10
    34     8    3.651640e-12    4.503673e-12   -4.772901e-12    4.261833e-12
    34     9    5.717489e-14    1.395102e-13   -5.219104e-14    1.435276e-13
    34    10    1.030525e-14    4.270624e-15    3.816344e-15    4.202369e-15
    34    11   -1.580027e-16    1.277296e-16    1.072565e-16    1.227243e-16
    34    12   -3.006214e-18    4.115500e-18    6.215507e-19    3.860657e-18
    34    13   -1.867636e-19    1.164411e-19    1.512367e-19    1.187290e-19
    34    14    1.682824e-22    3.746226e-21    2.074207e-21    3.802345e-21
    34    15   -1.205780e-22    1.195043e-22   -7.530967e-23    1.222645e-22
    34    16   -9.588173e-25    3.731488e-24   -4.814576e-25    3.960262e-24
    34    17    2.077132e-25    1.278228e-25   -5.203187e-26    1.306998e-25
    34    18   -5.049823e-27    4.198368e-27   -3.267116e-27    4.010677e-27
    34    19   -1.496262e-28    1.329856e-28    3.795026e-30    1.324312e-28
    34    20    3.628086e-30    4.896035e-30   -4.218719e-30    4.738295e-30
    34    21    2.795278e-31    1.780851e-31    2.044918e-31    1.773793e-31
    34    22    1.062074e-32    6.183219e-33   -1.224014e-32    6.218057e-33
    34    23    5.526853e-34    2.243930e-34   -2.430879e-34    2.339211e-34
    34    24    1.573553e-35    8.890051e-36    1.528151e-35    8.629256e-36
    34    25   -1.041965e-36    3.550326e-37   -3.252141e-37    3.326891e-37
    34    26    1.479938e-38    1.357562e-38    1.712355e-38    1.433772e-38
    34    27    1.638662e-39    5.663252e-40    8.321539e-40    6.219395e-40
    34    28   -4.765982e-41    2.768427e-41    9.465488e-42    2.728444e-41
    34    29    1.439963e-42    1.368995e-42    3.169443e-42    1.297807e-42
    34    30    9.045952e-44    6.793193e-44    1.966646e-43    6.959645e-44
    34    31   -1.296481e-44    3.990331e-45   -3.578469e-47    3.982605e-45
    34    32    1.251555e-46    2.453810e-46    1.603069e-46    2.662940e-46
    34    33    4.593959e-47    1.999581e-47   -9.213832e-47    2.005083e-47
    34    34    1.375448e-49    1.953095e-48   -1.278730e-48    2.083470e-48
    35     0    8.535320e+00    4.227191e+00    0.000000e+00    0.000000e+00
    35     1   -1.184331e-01    2.613997e-01    5.107783e-02    2.206181e-01
    35     2   -6.846858e-03    6.639514e-03   -2.621942e-03    6.780459e-03
    35     3   -9.379833e-07    2.046969e-04   -3.444517e-04    1.916480e-04
    35     4    7.229233e-07    5.170791e-06    5.933758e-07    5.420454e-06
    35     5   -2.717668e-07    1.607051e-07   -1.128698e-07    1.627725e-07
    35     6    2.853910e-09    4.384492e-09    4.146730e-09    4.436129e-09
    35     7    1.070538e-10    1.324683e-10    4.898615e-12    1.267835e-10
    35     8   -3.523932e-12    3.772002e-12    8.209143e-12    3.739965e-12
    35     9    1.851208e-14    1.041623e-13   -3.648537e-14    1.069590e-13
    35    10   -1.363284e-15    3.389213e-15    2.890662e-15    3.291224e-15
    35    11   -4.684899e-17    9.283180e-17   -1.086036e-16    9.198157e-17
    35    12   -1.795364e-18    2.892047e-18   -1.808367e-19    2.728314e-18
    35    13   -6.345820e-20    8.386364e-20   -7.241326e-20    8.395122e-20
    35    14   -2.726955e-21    2.431972e-21    1.978878e-21    2.546901e-21
    35    15    7.884133e-23    7.932671e-23    1.797772e-23    7.815532e-23
    35    16   -2.493765e-24    2.370928e-24   -2.310375e-24    2.472337e-24
    35    17   -1.906855e-26    7.642949e-26   -6.955738e-26    7.718233e-26
    35    18    2.702741e-27    2.490657e-27   -1.664595e-27    2.456132e-27
    35    19    6.585434e-29    7.581982e-29   -6.512825e-29    7.610359e-29
    35    20   -1.439874e-30    2.504044e-30   -6.897055e-30    2.449689e-30
    35    21   -5.837122e-32    9.024903e-32    6.512352e-32    8.900001e-32
    35    22    1.572583e-33    3.138287e-33    3.034709e-33    3.191724e-33
    35    23    1.790751e-34    1.062946e-34    5.156962e-35    1.095969e-34
    35    24   -3.343904e-36    4.020551e-36   -8.525708e-36    3.910240e-36
    35    25    4.403135e-38    1.531584e-37   -2.756271e-37    1.441521e-37
    35    26    1.112372e-38    5.486372e-39   -5.399172e-39    5.899684e-39
    35    27   -8.588386e-41    2.169294e-40   -1.269573e-40    2.387743e-40
    35    28    6.197453e-42    9.484240e-42   -1.068722e-41    9.740091e-42
    35    29   -3.316228e-43    4.518395e-43    2.563887e-44    4.249570e-43
    35    30   -3.512106e-44    2.044057e-44    1.877977e-44    2.133932e-44
    35    31   -7.310315e-46    1.029297e-45   -2.381126e-45    1.091626e-45
    35    32   -1.503396e-46    5.814683e-47    1.861446e-47    6.259078e-47
    35    33   -1.333366e-47    3.850380e-48    7.919460e-49    3.804512e-48
    35    34   -3.824404e-49    2.898521e-49   -7.435513e-49    3.008849e-49
    35    35    3.656858e-51    2.826307e-50    2.465964e-50    3.057672e-50
    36     0   -4.734535e+00    4.285631e+00    0.000000e+00    0.000000e+00
    36     1    9.812447e-02    2.512657e-01    3.059281e-01    2.177496e-01
    36     2    2.992146e-03    6.348843e-03   -3.512476e-03    6.515018e-03
    36     3    1.470466e-04    1.838544e-04   -1.048893e-04    1.793033e-04
    36     4    4.954431e-06    4.947970e-06    2.580367e-06    4.748785e-06
    36     5   -9.434373e-08    1.340513e-07   -9.566855e-08    1.432185e-07
    36     6   -1.596609e-09    3.901121e-09    3.970363e-09    3.943725e-09
    36     7    5.905816e-13    1.054746e-10   -5.062269e-12    1.039497e-10
    36     8    2.504906e-12    3.183433e-12   -8.555449e-13    3.086983e-12
    36     9    2.528130e-14    8.194023e-14   -9.930381e-15    8.349206e-14
    36    10   -1.706056e-15    2.506694e-15    5.444772e-17    2.414567e-15
    36    11    4.209166e-17    7.114615e-17   -1.887751e-17    7.159971e-17
    36    12   -1.012749e-18    2.001546e-18    1.836989e-18    1.898169e-18
    36    13    6.880925e-20    5.916912e-20   -6.802863e-20    5.965624e-20
    36    14   -1.177729e-21    1.636755e-21   -1.519148e-21    1.749551e-21
    36    15    5.189318e-23    5.073973e-23   -4.059725e-23    4.959947e-23
    36    16    2.369896e-24    1.541343e-24   -3.774145e-24    1.551657e-24
    36    17   -1.024437e-26    4.633286e-26   -1.107461e-26    4.651269e-26
    36    18   -1.352851e-27    1.435523e-27    3.575037e-28    1.459850e-27
    36    19   -2.231340e-30    4.480216e-29    4.692700e-30    4.456039e-29
    36    20   -1.388500e-32    1.360280e-30   -4.774469e-32    1.338502e-30
    36    21    5.501598e-32    4.596766e-32   -1.370865e-31    4.359387e-32
    36    22   -1.391518e-33    1.565188e-33   -1.566303e-33    1.588796e-33
    36    23   -2.073533e-35    5.326571e-35    1.132437e-34    5.316087e-35
    36    24   -1.607613e-36    1.820009e-36    2.790259e-36    1.787062e-36
    36    25    6.464461e-38    6.750418e-38    1.140072e-37    6.385429e-38
    36    26    2.863242e-39    2.342085e-39    5.633475e-39    2.470682e-39
    36    27    2.676373e-41    8.602985e-41   -8.166442e-41    9.565085e-41
    36    28   -2.839383e-42    3.529560e-42   -9.224495e-42    3.644734e-42
    36    29    1.871017e-43    1.527627e-43    6.366773e-44    1.461766e-43
    36    30   -2.612878e-44    6.522862e-45   -4.792714e-45    6.933168e-45
    36    31    5.774957e-46    3.038630e-46   -5.987073e-46    3.281501e-46
    36    32    2.234042e-47    1.565891e-47   -3.381590e-47    1.595861e-47
    36    33    1.998546e-49    9.090486e-49    3.510077e-48    8.686587e-49
    36    34    5.717471e-50    5.565209e-50   -2.144611e-49    5.554006e-50
    36    35    1.058068e-50    4.140884e-51   -6.426320e-51    4.309496e-51
    36    36    1.567261e-51    4.286753e-52   -1.193969e-51    4.049389e-52
    37     0   -3.937879e-01    4.439680e+00    0.000000e+00    0.000000e+00
    37     1    3.755442e-02    2.490832e-01    2.367313e-01    2.100855e-01
    37     2    2.279741e-03    6.238712e-03    8.792918e-04    6.385000e-03
    37     3    1.628500e-04    1.660273e-04    2.017421e-04    1.707969e-04
    37     4    8.700540e-06    4.599887e-06    1.512876e-06    4.447431e-06
    37     5   -2.893556e-07    1.204046e-07   -3.037851e-08    1.196241e-07
    37     6   -2.949710e-09    3.316436e-09   -1.557125e-09    3.551158e-09
    37     7   -1.048232e-10    8.913222e-11    1.074882e-11    8.880034e-11
    37     8   -9.118084e-13    2.586650e-12    2.231524e-13    2.474406e-12
    37     9   -2.777769e-14    6.833640e-14    1.377097e-14    6.968032e-14
    37    10   -4.604175e-16    1.871279e-15   -1.328305e-15    1.811270e-15
    37    11    3.129322e-17    5.392648e-17    2.146820e-18    5.462940e-17
    37    12   -4.811108e-19    1.486207e-18   -1.316361e-19    1.425250e-18
    37    13    2.568719e-20    4.075825e-20   -1.940366e-20    4.092573e-20
    37    14    3.702148e-22    1.169994e-21    4.430702e-22    1.241795e-21
    37    15   -5.327764e-23    3.306797e-23   -1.608164e-23    3.273860e-23
    37    16    7.510142e-25    9.888382e-25   -4.083968e-25    9.998766e-25
    37    17    6.659481e-26    2.931252e-26    4.064152e-26    2.929928e-26
    37    18    5.131778e-29    8.517749e-28    2.683600e-28    8.690332e-28
    37    19    3.913372e-29    2.604484e-29   -5.543080e-29    2.643177e-29
    37    20    1.132892e-30    7.876343e-31    2.303490e-31    7.781705e-31
    37    21   -2.602413e-32    2.414648e-32   -6.807191e-32    2.330024e-32
    37    22    7.290213e-34    7.925246e-34    1.818894e-34    7.929966e-34
    37    23    1.228897e-35    2.704088e-35    2.584876e-35    2.680736e-35
    37    24    6.969496e-37    8.958913e-37    6.970111e-37    8.601061e-37
    37    25    2.848342e-39    3.057740e-38    7.968711e-39    2.845841e-38
    37    26   -2.461175e-40    1.036829e-39   -3.364872e-40    1.087174e-39
    37    27   -5.553762e-42    3.641801e-41   -5.957817e-41    3.974682e-41
    37    28   -2.480917e-42    1.401663e-42    1.635015e-42    1.425268e-42
    37    29   -5.204202e-44    5.542381e-44   -3.607329e-44    5.481106e-44
    37    30    2.993899e-45    2.249944e-45    6.978106e-45    2.293977e-45
    37    31    4.420423e-46    9.604481e-47   -2.949818e-47    1.055954e-46
    37    32    1.674807e-48    4.615139e-48   -2.511889e-48    4.678829e-48
    37    33    3.342080e-49    2.325025e-49    1.167952e-49    2.255883e-49
    37    34    3.085947e-50    1.276961e-50   -1.804675e-51    1.265936e-50
    37    35    1.292405e-51    7.562790e-52   -1.006597e-51    8.121619e-52
    37    36   -2.772844e-53    6.085459e-53   -4.098981e-53    5.687039e-53
    37    37   -2.350089e-53    5.715837e-54   -6.661010e-54    5.764303e-54
    38     0   -1.409418e+00    4.629117e+00    0.000000e+00    0.000000e+00
    38     1   -3.175221e-01    2.423247e-01   -5.219321e-03    1.988974e-01
    38     2    4.072548e-03    5.925951e-03   -3.892634e-03    6.501293e-03
    38     3    2.449374e-05    1.521587e-04   -1.066651e-04    1.539072e-04
    38     4   -7.190061e-07    4.192118e-06   -8.411938e-07    4.267855e-06
    38     5   -1.077147e-07    1.101773e-07    1.076644e-07    9.941153e-08
    38     6    3.562966e-09    2.807472e-09   -6.144136e-09    3.121446e-09
    38     7    6.295630e-12    7.763648e-11   -3.502971e-11    7.534380e-11
    38     8    9.732143e-15    1.998247e-12    6.669913e-13    2.050811e-12
    38     9   -1.806679e-14    5.569303e-14   -3.666312e-14    5.621242e-14
    38    10    1.172297e-15    1.454847e-15   -2.854177e-16    1.413882e-15
    38    11    4.988866e-17    3.955698e-17    3.133102e-17    4.001025e-17
    38    12    6.760018e-19    1.117266e-18   -7.058454e-19    1.090569e-18
    38    13    4.160502e-20    2.828453e-20    6.976562e-21    2.926433e-20
    38    14    7.222298e-22    8.161628e-22   -2.517087e-22    8.421108e-22
    38    15   -2.293660e-23    2.267091e-23    1.294194e-23    2.284884e-23
    38    16   -9.373327e-25    6.285927e-25    1.201687e-25    6.208399e-25
    38    17    3.308807e-27    1.846847e-26   -1.584182e-26    1.886152e-26
    38    18    3.683915e-28    5.256635e-28   -1.460099e-28    5.326106e-28
    38    19   -1.992034e-29    1.520889e-29    1.222887e-29    1.538082e-29
    38    20    2.015247e-31    4.644949e-31    2.235539e-31    4.476803e-31
    38    21   -8.567353e-33    1.335795e-32    2.326382e-32    1.326251e-32
    38    22    1.314489e-34    4.039245e-34   -8.381569e-35    3.994123e-34
    38    23    1.225599e-35    1.294589e-35   -6.684575e-36    1.380114e-35
    38    24    4.303877e-37    4.542729e-37    3.994887e-37    4.210517e-37
    38    25   -6.158445e-39    1.428875e-38   -1.432432e-38    1.337259e-38
    38    26   -5.984460e-40    4.550493e-40   -2.025197e-40    4.779458e-40
    38    27   -2.801067e-41    1.572456e-41    2.896348e-41    1.726094e-41
    38    28   -6.024501e-43    5.759774e-43    1.213428e-42    5.855750e-43
    38    29   -2.303656e-44    2.126013e-44    2.558774e-44    2.133936e-44
    38    30    3.163860e-47    8.347298e-46    4.461233e-46    8.032043e-46
    38    31   -4.733667e-47    3.225291e-47   -6.818574e-48    3.448581e-47
    38    32   -8.151024e-49    1.449654e-48   -2.314538e-49    1.476101e-48
    38    33   -1.683731e-50    6.599202e-50   -1.928615e-50    6.678072e-50
    38    34    4.863943e-51    3.134276e-51    1.287313e-51    3.307945e-51
    38    35   -7.116680e-53    1.655287e-52   -4.230121e-52    1.873357e-52
    38    36    2.387970e-53    1.095765e-53    5.736433e-53    1.054701e-53
    38    37    3.154283e-54    7.869983e-55    1.282469e-54    8.082183e-55
    38    38    6.419539e-57    7.533393e-56    2.000087e-55    7.841636e-56
    39     0   -6.357077e+00    4.678212e+00    0.000000e+00    0.000000e+00
    39     1   -3.755581e-01    2.405206e-01   -3.456512e-01    2.013698e-01
    39     2   -2.999528e-03    5.579478e-03   -1.348467e-03    6.279626e-03
    39     3   -1.095575e-05    1.516556e-04    1.025738e-04    1.428392e-04
    39     4    2.460293e-06    3.722697e-06   -9.895015e-07    3.909457e-06
    39     5    5.547292e-08    9.986526e-08    6.663910e-08    9.310295e-08
    39     6    4.012066e-11    2.413966e-09   -1.889885e-09    2.540927e-09
    39     7    2.384303e-11    6.846242e-11   -5.305340e-12    6.553344e-11
    39     8    3.098061e-13    1.605621e-12    5.381203e-13    1.679393e-12
    39     9   -1.737186e-14    4.517129e-14   -2.014491e-14    4.526003e-14
    39    10   -9.126546e-17    1.169849e-15    1.667034e-15    1.147913e-15
    39    11    3.718857e-17    2.931477e-17   -2.307429e-17    3.010761e-17
    39    12   -7.029523e-19    8.363731e-19   -6.576110e-19    8.321698e-19
    39    13   -6.149520e-22    2.079837e-20    1.624669e-20    2.195206e-20
    39    14   -4.317029e-23    5.547011e-22   -1.585727e-22    5.610141e-22
    39    15    7.087763e-24    1.603098e-23    1.505549e-23    1.577358e-23
    39    16    8.705488e-26    4.195819e-25    1.222551e-25    4.187959e-25
    39    17   -2.678904e-27    1.151091e-26   -2.579408e-26    1.179836e-26
    39    18   -8.059338e-29    3.312391e-28    1.152576e-28    3.432866e-28
    39    19    5.149906e-30    9.425027e-30   -8.088003e-30    9.023199e-30
    39    20   -2.490118e-31    2.700908e-31   -9.721299e-32    2.568524e-31
    39    21    9.470182e-33    7.739824e-33   -4.278487e-33    7.611960e-33
    39    22   -1.000082e-34    2.164123e-34    3.919180e-35    2.256660e-34
    39    23    6.112273e-36    6.405170e-36   -4.349704e-36    7.006097e-36
    39    24   -1.116912e-37    2.253062e-37    1.298047e-37    2.140450e-37
    39    25   -3.905749e-39    7.136823e-39    2.992903e-39    6.655324e-39
    39    26   -1.196612e-40    2.088597e-40   -3.651408e-41    2.217517e-40
    39    27    3.497792e-42    6.805468e-42    7.277377e-42    7.587217e-42
    39    28   -3.076464e-43    2.432775e-43   -3.614609e-43    2.568383e-43
    39    29   -1.957207e-46    8.540487e-45    7.619993e-46    8.677216e-45
    39    30    3.917920e-46    3.260068e-46    2.311644e-46    2.996333e-46
    39    31   -1.680429e-47    1.190944e-47   -4.883513e-48    1.182995e-47
    39    32    1.297157e-48    4.746785e-49   -4.941281e-49    4.829090e-49
    39    33   -3.974364e-50    2.024855e-50    2.043589e-50    2.114215e-50
    39    34    1.179238e-52    8.694533e-52   -3.503928e-52    9.647374e-52
    39    35    1.267133e-53    4.202937e-53   -1.341603e-52    4.641690e-53
    39    36    1.063653e-53    2.431901e-54    2.969760e-54    2.339416e-54
    39    37    2.585586e-55    1.451467e-55    1.220473e-55    1.420093e-55
    39    38   -3.164508e-56    1.035841e-56   -1.916737e-56    1.069486e-56
    39    39   -1.946790e-57    1.011865e-57    4.010731e-57    9.968213e-58
    40     0    2.816276e-01    4.751849e+00    0.000000e+00    0.000000e+00
    40     1    4.119761e-01    2.435292e-01    8.459119e-02    2.074944e-01
    40     2    7.593887e-03    5.525201e-03   -5.972632e-05    5.742005e-03
    40     3   -2.922975e-05    1.484272e-04   -1.217612e-04    1.375684e-04
    40     4   -7.688285e-07    3.288129e-06   -7.567140e-07    3.554303e-06
    40     5   -1.150453e-07    8.780651e-08   -4.397906e-08    8.904821e-08
    40     6   -1.718903e-09    2.160129e-09   -2.462377e-10    2.116321e-09
    40     7    2.955685e-11    5.752274e-11   -1.096770e-11    5.559053e-11
    40     8    1.148701e-12    1.396561e-12   -5.311306e-13    1.407790e-12
    40     9   -2.036687e-15    3.507136e-14   -1.957114e-14    3.573557e-14
    40    10   -4.085442e-17    9.494999e-16   -3.462329e-16    9.330397e-16
    40    11    5.075502e-18    2.253456e-17    5.572755e-18    2.297639e-17
    40    12   -2.379603e-19    6.168251e-19    1.185393e-19    6.041216e-19
    40    13   -7.665937e-21    1.577804e-20   -1.118367e-21    1.627261e-20
    40    14    4.105550e-22    3.851309e-22   -1.602801e-22    4.008830e-22
    40    15    1.895378e-23    1.083142e-23   -1.021385e-23    1.043079e-23
    40    16   -6.764495e-26    2.887846e-25    4.152817e-25    2.895646e-25
    40    17    7.930758e-27    7.372679e-27    1.383812e-27    7.369706e-27
    40    18    3.382146e-29    2.019079e-28   -8.794294e-29    2.173098e-28
    40    19    2.036667e-30    5.904877e-30    3.262320e-30    5.602579e-30
    40    20    2.225891e-31    1.562940e-31   -1.847326e-31    1.526894e-31
    40    21   -2.093934e-33    4.427635e-33   -1.190583e-33    4.321663e-33
    40    22    5.893316e-35    1.222902e-34   -1.309257e-35    1.268327e-34
    40    23   -5.502947e-36    3.383702e-36   -6.889789e-36    3.660305e-36
    40    24   -1.099924e-37    1.085574e-37   -1.152518e-38    1.069790e-37
    40    25   -2.319050e-39    3.620672e-39    3.686666e-39    3.212374e-39
    40    26    8.989619e-41    1.003564e-40    1.858880e-40    1.077095e-40
    40    27    5.168988e-42    3.067440e-42   -3.481330e-42    3.381627e-42
    40    28    9.712134e-44    1.031603e-43    3.640953e-44    1.109576e-43
    40    29   -1.400513e-45    3.542451e-45    1.835452e-45    3.725493e-45
    40    30   -1.209598e-46    1.261411e-46    8.563041e-47    1.198013e-46
    40    31   -4.752509e-48    4.628229e-48    5.822117e-48    4.246097e-48
    40    32   -4.533929e-49    1.628953e-49    3.796335e-51    1.697060e-49
    40    33   -3.180470e-51    6.492925e-51   -3.907045e-51    6.798065e-51
    40    34   -2.012783e-52    2.662687e-52   -2.573167e-52    2.985634e-52
    40    35    1.632230e-53    1.189575e-53    2.074728e-53    1.281631e-53
    40    36   -1.307319e-54    5.970084e-55   -3.095191e-55    5.783334e-55
    40    37    9.553287e-56    3.223534e-56   -1.729689e-56    3.046633e-56
    40    38    9.098225e-58    1.819521e-57   -1.918435e-57    1.916721e-57
    40    39    2.238528e-58    1.381749e-58   -1.120357e-58    1.325502e-58
    40    40    1.673473e-59    1.254900e-59    7.213812e-59    1.297680e-59
    41     0   -7.096279e+00    4.827454e+00    0.000000e+00    0.000000e+00
    41     1    2.798460e-01    2.411928e-01   -8.152498e-02    2.068339e-01
    41     2    1.563536e-03    5.549195e-03   -2.514655e-03    5.407223e-03
    41     3   -5.578801e-05    1.347577e-04    1.249599e-04    1.337921e-04
    41     4   -1.783116e-06    3.150558e-06    3.931248e-06    3.241309e-06
    41     5    2.803412e-08    7.723093e-08   -1.589446e-09    8.151097e-08
    41     6    1.309967e-09    1.983173e-09   -1.417013e-09    1.872454e-09
    41     7   -3.177555e-12    4.806889e-11    1.752238e-11    4.529230e-11
    41     8   -8.440482e-13    1.227724e-12    4.592608e-13    1.167624e-12
    41     9   -1.442433e-14    2.804103e-14    6.023411e-15    2.880520e-14
    41    10    6.028214e-17    7.443804e-16    1.344951e-16    7.399732e-16
    41    11    2.326208e-18    1.765099e-17    4.293000e-18    1.883871e-17
    41    12   -2.394543e-19    4.595639e-19    2.733678e-19    4.360546e-19
    41    13    3.495849e-22    1.193587e-20   -2.549638e-21    1.194073e-20
    41    14   -2.843348e-22    2.841186e-22    3.808212e-22    2.927053e-22
    41    15   -6.981903e-24    7.410324e-24    3.177492e-24    7.051935e-24
    41    16   -3.219593e-26    1.971779e-25    1.013041e-25    1.948397e-25
    41    17    8.507884e-28    5.056965e-27    5.210709e-27    4.893304e-27
    41    18    1.430855e-28    1.247369e-28   -2.719333e-28    1.357781e-28
    41    19    6.230961e-30    3.660014e-30    4.570650e-30    3.551205e-30
    41    20   -5.770915e-33    9.564709e-32   -6.483227e-32    9.294131e-32
    41    21   -3.271742e-33    2.494920e-33   -4.149764e-33    2.554530e-33
    41    22    2.580924e-35    7.022024e-35   -9.449020e-36    7.203327e-35
    41    23   -1.902119e-36    1.839269e-36    6.336594e-37    2.062411e-36
    41    24    9.957622e-38    5.600922e-38   -2.692319e-39    5.455117e-38
    41    25   -5.555412e-40    1.794397e-39    6.536929e-40    1.588614e-39
    41    26   -2.152347e-41    4.922646e-41   -4.675121e-41    5.502204e-41
    41    27    6.142157e-44    1.468305e-42    1.012205e-42    1.598384e-42
    41    28    8.775487e-45    4.612820e-44    2.192293e-45    4.870018e-44
    41    29    2.062662e-45    1.503637e-45   -5.069676e-47    1.614046e-45
    41    30    5.025439e-47    5.262252e-47    1.026668e-47    5.029854e-47
    41    31    1.849071e-48    1.794355e-48   -1.915306e-48    1.665476e-48
    41    32   -3.506803e-51    5.957791e-50    1.879666e-50    6.349418e-50
    41    33   -1.162197e-51    2.219693e-51   -5.121601e-51    2.336065e-51
    41    34    2.055426e-52    8.450359e-53   -3.835746e-53    9.565230e-53
    41    35    3.641665e-54    3.669564e-54    1.005506e-53    3.887931e-54
    41    36    3.015510e-55    1.655261e-55   -2.389591e-55    1.586026e-55
    41    37   -2.588043e-56    7.740417e-57    1.465298e-56    7.544099e-57
    41    38    1.287164e-57    3.825856e-58    1.221405e-57    4.215951e-58
    41    39   -1.676266e-59    2.368108e-59   -8.469308e-60    2.368425e-59
    41    40    3.964444e-60    1.660547e-60   -6.364409e-60    1.741269e-60
    41    41    3.229767e-61    1.606786e-61   -7.683163e-61    1.562155e-61
    42     0   -6.614537e+00    4.996539e+00    0.000000e+00    0.000000e+00
    42     1   -7.303450e-02    2.345982e-01   -1.030828e-01    1.961469e-01
    42     2   -6.110689e-03    5.376581e-03    2.234697e-03    5.274118e-03
    42     3    5.327045e-05    1.220845e-04    4.051759e-05    1.253951e-04
    42     4    1.348329e-06    2.933781e-06   -3.671126e-07    2.992687e-06
    42     5    4.051998e-08    7.034177e-08    3.729315e-08    6.818162e-08
    42     6   -1.764965e-09    1.669477e-09    4.184262e-10    1.726762e-09
    42     7   -5.972342e-11    4.165245e-11    2.627612e-11    3.800751e-11
    42     8   -1.362625e-12    9.899817e-13    7.116897e-13    9.456801e-13
    42     9    4.390816e-15    2.324155e-14    6.097150e-15    2.379329e-14
    42    10   -3.198367e-16    5.801765e-16    7.485128e-17    5.442048e-16
    42    11    4.720155e-18    1.362629e-17   -2.084471e-17    1.528117e-17
    42    12   -3.257507e-19    3.437055e-19   -2.792230e-19    3.242663e-19
    42    13    5.287568e-21    8.340517e-21   -7.364987e-22    8.603374e-21
    42    14   -9.984743e-23    2.153498e-22    1.022893e-23    2.133250e-22
    42    15   -4.405010e-24    5.165346e-24   -4.718678e-24    4.820893e-24
    42    16    1.198728e-25    1.274770e-25   -9.285805e-26    1.300732e-25
    42    17    7.646294e-28    3.450560e-27    3.403588e-27    3.211364e-27
    42    18   -6.416461e-29    7.952626e-29   -7.514691e-29    8.557135e-29
    42    19    1.607683e-30    2.213568e-30   -1.672495e-30    2.161017e-30
    42    20   -2.363214e-32    6.057870e-32    3.538247e-32    5.593408e-32
    42    21    2.992659e-34    1.435595e-33    5.073191e-34    1.499672e-33
    42    22    5.800691e-35    3.941191e-35    9.454536e-37    3.980381e-35
    42    23    1.338441e-36    1.031058e-36   -1.241288e-36    1.152318e-36
    42    24   -5.125859e-39    2.951556e-38    1.016437e-38    2.932853e-38
    42    25    8.982247e-40    8.757021e-40   -6.600763e-40    7.893714e-40
    42    26   -2.220687e-41    2.372319e-41   -2.031443e-41    2.678125e-41
    42    27    3.528832e-43    6.975261e-43    2.309012e-43    8.069794e-43
    42    28   -1.755692e-44    2.140948e-44    1.923171e-44    2.186420e-44
    42    29   -2.765380e-46    6.497206e-46    3.408311e-46    6.916424e-46
    42    30    2.398073e-48    2.201134e-47    3.380856e-47    2.137041e-47
    42    31   -1.293455e-48    7.144391e-49    5.407521e-49    6.965316e-49
    42    32    2.416696e-50    2.284141e-50   -1.883296e-50    2.383344e-50
    42    33    8.461192e-52    7.938788e-52    8.278552e-52    8.607565e-52
    42    34    6.420944e-54    2.903089e-53   -2.739466e-53    3.138520e-53
    42    35    1.457164e-54    1.165016e-54   -8.850796e-56    1.191577e-54
    42    36   -5.661460e-56    4.975464e-56   -5.029808e-56    4.748993e-56
    42    37   -4.477869e-57    2.105931e-57    4.248201e-57    2.022695e-57
    42    38   -4.479788e-58    9.339117e-59    1.334085e-58    9.958435e-59
    42    39   -7.005895e-60    4.979383e-60    3.561326e-60    5.071118e-60
    42    40   -1.915424e-62    2.908068e-61    7.026372e-61    2.951988e-61
    42    41    6.236517e-63    2.088373e-62    3.209139e-62    2.067114e-62
    42    42   -1.570389e-63    1.920177e-63   -7.787120e-63    1.914549e-63
    43     0    1.526264e-02    4.934761e+00    0.000000e+00    0.000000e+00
    43     1   -8.231847e-02    2.434396e-01   -8.396816e-02    1.948042e-01
    43     2   -8.667174e-04    4.974808e-03   -2.818733e-03    5.238800e-03
    43     3   -7.639860e-05    1.239259e-04    9.408308e-05    1.177950e-04
    43     4   -2.218906e-06    2.673179e-06   -1.555070e-06    2.805287e-06
    43     5    8.910518e-09    6.589033e-08   -3.890775e-08    6.241210e-08
    43     6    1.031310e-09    1.405779e-09    4.907402e-10    1.567520e-09
    43     7    4.943462e-12    3.666391e-11   -3.935105e-11    3.326840e-11
    43     8    1.626171e-13    8.153135e-13   -2.510365e-13    7.883952e-13
    43     9    4.714115e-15    1.939542e-14    1.058727e-15    1.963228e-14
    43    10   -2.303690e-16    4.615996e-16    2.501359e-16    4.328010e-16
    43    11   -4.885443e-18    1.051531e-17    4.089475e-18    1.189388e-17
    43    12    3.247279e-19    2.657358e-19   -2.115061e-19    2.594024e-19
    43    13   -4.897388e-21    6.048554e-21    9.865811e-22    6.295853e-21
    43    14    1.463140e-22    1.560714e-22   -2.970191e-22    1.571233e-22
    43    15    2.977118e-25    3.808402e-24    1.920953e-24    3.537865e-24
    43    16   -8.187877e-26    8.542748e-26   -2.546775e-26    8.717751e-26
    43    17   -4.285357e-28    2.291191e-27   -3.226480e-27    2.180503e-27
    43    18   -1.857394e-29    5.250626e-29    3.272585e-29    5.804118e-29
    43    19   -9.198816e-31    1.376467e-30   -2.444713e-31    1.343990e-30
    43    20    1.943136e-32    3.766556e-32    3.470405e-32    3.395583e-32
    43    21    6.196402e-34    9.177764e-34    4.107112e-34    9.103143e-34
    43    22   -1.658589e-35    2.303586e-35    4.370691e-36    2.262391e-35
    43    23    2.135667e-38    5.974707e-37    1.848472e-37    6.340208e-37
    43    24    2.056526e-38    1.627795e-38    1.365628e-39    1.646400e-38
    43    25    1.774707e-40    4.546026e-40    3.898582e-40    4.195055e-40
    43    26    1.374838e-41    1.202278e-41    1.704256e-41    1.286185e-41
    43    27    5.341885e-43    3.421346e-43   -3.784487e-44    3.977607e-43
    43    28   -6.754881e-45    1.074168e-44    3.962751e-46    1.061086e-44
    43    29   -3.645304e-46    2.964083e-46    2.021533e-47    3.088235e-46
    43    30   -9.584717e-48    9.338201e-48   -2.081929e-47    9.358797e-48
    43    31   -1.359556e-49    3.004007e-49   -8.708411e-50    2.957369e-49
    43    32    1.277689e-50    9.096002e-51   -2.414186e-51    9.799191e-51
    43    33    4.307153e-52    2.987813e-52   -2.168014e-52    3.239945e-52
    43    34   -5.631342e-54    1.077154e-53    1.058068e-53    1.096340e-53
    43    35   -9.444531e-56    3.850863e-55   -1.735020e-55    3.987522e-55
    43    36    6.679410e-57    1.561031e-56    2.237201e-56    1.466363e-56
    43    37   -1.016234e-58    6.289394e-58    1.000023e-59    5.979623e-58
    43    38   -3.338772e-60    2.562466e-59    3.793202e-59    2.585186e-59
    43    39    2.064038e-60    1.174950e-60   -2.502126e-60    1.217104e-60
    43    40   -1.045258e-61    6.223121e-62    4.163099e-62    6.047218e-62
    43    41   -5.172520e-63    3.503763e-63   -1.511393e-63    3.566714e-63
    43    42   -7.171015e-64    2.542551e-64    8.458707e-65    2.428675e-64
    43    43   -4.469999e-66    2.226040e-65   -3.725608e-65    2.309940e-65
    44     0    3.403479e+00    4.599734e+00    0.000000e+00    0.000000e+00
    44     1   -6.655055e-02    2.235047e-01    3.082557e-01    1.835911e-01
    44     2   -3.133359e-03    4.324128e-03    1.455293e-04    4.749348e-03
    44     3   -6.468000e-05    1.104503e-04   -3.574285e-05    1.012149e-04
    44     4    1.068756e-06    2.301440e-06   -9.132849e-08    2.343087e-06
    44     5    8.427180e-09    5.504927e-08   -2.832023e-08    5.325245e-08
    44     6    1.194294e-09    1.153401e-09    7.348512e-10    1.246572e-09
    44     7    1.006123e-12    2.909257e-11    4.000112e-11    2.636723e-11
    44     8    8.228620e-13    6.327470e-13   -9.141356e-13    6.121122e-13
    44     9    3.234602e-15    1.423028e-14   -1.042984e-15    1.440997e-14
    44    10    7.484806e-17    3.384707e-16   -1.196547e-16    3.265549e-16
    44    11   -1.024733e-17    7.297012e-18    1.978063e-18    7.879703e-18
    44    12    8.958756e-20    1.857780e-19   -5.278160e-20    1.821718e-19
    44    13   -6.917764e-22    4.034226e-21   -2.266047e-21    4.130616e-21
    44    14    2.428187e-23    1.001396e-22   -4.599541e-24    1.031238e-22
    44    15   -1.539116e-24    2.428385e-24   -1.361542e-24    2.320893e-24
    44    16   -6.338554e-26    5.363657e-26   -7.904048e-27    5.440468e-26
    44    17    5.959060e-28    1.346729e-27    8.390327e-29    1.301352e-27
    44    18    9.092751e-30    3.133309e-29    5.213704e-29    3.394545e-29
    44    19    1.401184e-31    7.698065e-31   -1.754887e-31    7.722416e-31
    44    20   -1.644262e-32    2.027772e-32   -2.518417e-32    1.893277e-32
    44    21    1.883462e-34    4.926883e-34    1.624478e-34    4.820396e-34
    44    22    1.040033e-35    1.246840e-35   -5.117701e-36    1.197561e-35
    44    23   -2.509095e-37    3.056216e-37    9.651174e-38    3.152674e-37
    44    24    3.678577e-39    8.341858e-39    4.086400e-39    8.285320e-39
    44    25   -1.389414e-41    2.183198e-40    1.706105e-40    2.055072e-40
    44    26   -1.226986e-41    5.686494e-42    1.606693e-42    5.833259e-42
    44    27    1.307785e-43    1.551553e-43    8.552798e-44    1.703648e-43
    44    28   -5.527706e-45    4.743760e-45    4.466863e-45    4.581906e-45
    44    29   -1.122483e-46    1.280944e-46    6.689897e-47    1.308292e-46
    44    30   -6.852739e-49    3.733850e-48    1.577277e-48    3.770714e-48
    44    31   -4.619869e-50    1.168065e-49   -4.094089e-50    1.163645e-49
    44    32   -3.349673e-51    3.432531e-51   -3.684045e-52    3.764973e-51
    44    33   -1.027174e-52    1.102274e-52   -2.489896e-52    1.167754e-52
    44    34   -8.824040e-54    3.724913e-54    4.906880e-55    3.731238e-54
    44    35   -1.527811e-55    1.273239e-55    4.488782e-56    1.313182e-55
    44    36   -4.863563e-57    4.738838e-57    5.706383e-57    4.504460e-57
    44    37    3.511919e-58    1.806352e-58    3.749207e-58    1.757583e-58
    44    38    1.747349e-60    7.079786e-60    1.630518e-60    7.109717e-60
    44    39    1.850700e-61    2.898492e-61    2.698645e-61    3.019812e-61
    44    40    3.289112e-62    1.379944e-62   -2.510196e-62    1.382859e-62
    44    41   -1.853405e-63    6.974718e-64    1.531393e-63    7.164442e-64
    44    42   -2.418779e-66    4.072719e-65    4.527643e-65    4.014891e-65
    44    43   -1.468950e-65    2.781798e-66   -1.274257e-66    2.899847e-66
    44    44   -5.836125e-67    2.646554e-67    4.269588e-68    2.507611e-67
    45     0    3.724215e+00    4.644183e+00    0.000000e+00    0.000000e+00
    45     1    7.976653e-03    2.205857e-01    1.368755e-01    1.829127e-01
    45     2   -6.899320e-03    4.250384e-03   -5.168439e-03    4.603205e-03
    45     3    1.404431e-05    1.034240e-04   -1.149146e-04    9.511145e-05
    45     4    1.288151e-06    2.175353e-06    2.256426e-06    2.212880e-06
    45     5   -3.133597e-08    4.794690e-08    3.075628e-08    4.798336e-08
    45     6    2.862236e-12    1.085968e-09    2.284364e-10    1.079348e-09
    45     7   -8.432944e-12    2.380021e-11    2.608823e-11    2.326120e-11
    45     8    2.544886e-13    5.509555e-13   -6.042137e-13    5.125849e-13
    45     9    3.367512e-16    1.151732e-14    5.653627e-15    1.197043e-14
    45    10    3.340471e-16    2.735868e-16   -2.940092e-17    2.655416e-16
    45    11   -1.072202e-18    5.858942e-18   -4.339969e-18    6.115103e-18
    45    12    5.853480e-20    1.419293e-19   -4.788503e-20    1.374458e-19
    45    13    5.938013e-22    3.148927e-21   -1.220741e-21    3.179863e-21
    45    14   -8.212801e-23    6.911272e-23    9.569370e-24    7.314012e-23
    45    15   -4.402715e-25    1.774348e-24   -1.384856e-24    1.705741e-24
    45    16    4.010903e-26    3.784675e-26    2.906644e-26    3.879693e-26
    45    17    1.245333e-27    9.260778e-28    4.991910e-28    8.708114e-28
    45    18   -3.037588e-29    2.067125e-29   -1.137953e-29    2.279468e-29
    45    19    1.333045e-31    5.029010e-31   -3.617633e-31    5.115784e-31
    45    20    1.333386e-32    1.251363e-32    8.411454e-33    1.170958e-32
    45    21    1.396836e-34    3.121097e-34    2.878498e-34    2.911557e-34
    45    22    3.908338e-36    7.375210e-36    6.360672e-36    7.222878e-36
    45    23   -3.648712e-38    1.824091e-37    4.790930e-38    1.803267e-37
    45    24    8.214721e-39    4.670313e-39    9.301645e-40    4.524774e-39
    45    25    1.216668e-40    1.212554e-40    3.895683e-41    1.186587e-40
    45    26   -1.052135e-42    2.931332e-42    6.213072e-43    3.095158e-42
    45    27    2.320857e-44    7.939103e-44   -3.880563e-44    8.472324e-44
    45    28   -1.505773e-45    2.346114e-45    4.717911e-46    2.215672e-45
    45    29   -2.402037e-47    6.361997e-47   -3.135134e-48    6.287752e-47
    45    30   -2.893101e-49    1.709888e-48   -1.873387e-48    1.760245e-48
    45    31    4.492751e-50    5.066905e-50   -8.460313e-51    4.967446e-50
    45    32    4.460611e-52    1.491578e-51    7.245133e-52    1.580476e-51
    45    33    7.735631e-53    4.472866e-53   -3.500605e-53    4.824832e-53
    45    34   -4.010639e-55    1.433701e-54   -9.380110e-55    1.461106e-54
    45    35   -6.304568e-56    4.618413e-56   -2.706933e-56    4.824420e-56
    45    36    7.204917e-59    1.619901e-57   -1.337134e-57    1.602720e-57
    45    37   -5.628657e-59    5.757985e-59   -1.151732e-58    5.645529e-59
    45    38   -4.281302e-60    2.151730e-60    4.934200e-60    2.200055e-60
    45    39   -2.111943e-61    8.344003e-62   -1.425720e-61    8.677633e-62
    45    40    4.783075e-63    3.512988e-63   -3.008060e-63    3.526435e-63
    45    41    2.926535e-64    1.591825e-64   -4.172330e-65    1.662112e-64
    45    42   -2.037417e-65    8.155819e-66    7.763098e-66    8.249891e-66
    45    43    6.612819e-67    4.697077e-67   -1.340014e-66    4.616186e-67
    45    44   -8.956396e-68    3.330458e-68   -7.090747e-68    3.150763e-68
    45    45    1.097494e-68    2.875867e-69    9.269651e-69    2.933247e-69
